100	437
10002	7
10009	85
10016	65
10023	19
10030	21
10037	82
1004	282
10044	19
10051	7
10058	11
10065	116
10072	9
10079	8
10086	6
10093	91
10100	60
10107	501
1011	14
10114	782
10121	2470
10128	8
10135	43
10142	53
10149	9
10156	42
10163	1912
10170	57
10177	179
1018	36
10184	9
10191	80
10198	9
10205	30
10212	1259
10219	7
10226	70
10233	5
10240	378
10247	30
1025	11930
10254	10
10261	217
10268	124
10275	670
10282	19
10289	13
10296	608
10303	41
10310	2162
10317	23
1032	284
10324	30
10331	392
10338	37
10345	43
10352	56
10359	30
10366	145
10373	21
10380	61
10387	597
1039	1117
10394	72
10401	320
10408	13
10415	31
10422	11
10429	218
10436	273
10443	7
10450	21
10457	9
1046	26
10464	5
10471	12
10478	696
10485	13
10492	3924
10499	453
10506	4
10513	26
10520	16
10527	2115
1053	28
10534	153
10541	25
10548	16
10555	61
10562	56
10569	189
10576	9
10583	4
10590	9
10597	72
1060	17
10604	7
10611	36
10618	68
10625	32
10632	4
10639	10
10646	314
10653	65
10660	6
10667	739
1067	155
10674	30
10681	147
10695	193
107	60
10702	1259
10709	773
10716	102
10723	32
10730	13
10737	906
1074	69
10744	60
10751	22
10758	24
10765	429
10772	30
10779	340
10786	13
10793	590
10800	8
10807	751
1081	16
10814	6925
10821	130
10828	6
10835	37
10842	136
10849	1215
10856	109
10863	1560
10870	8
10877	38
1088	44
10884	4
10891	71
10898	58
10905	12
10912	8303
10919	77
10926	92
10933	392
10940	5
10947	44
1095	8
10954	13
10961	7
10968	50
10975	15
10982	46
10989	29
10996	7
11	104
11003	52
11010	42
11017	41
11024	166
11031	11
11038	82
11045	18
11052	28
11059	42
11066	51
11073	1453
11080	243
11087	982
1109	49
11094	15
11101	21
11108	4
11115	459
11122	28
11129	1074
11136	6475
11143	2367
11157	40
1116	29
11164	19
11171	149
11178	10
11185	986
11192	52
11199	1924
11206	8
11213	101
11220	31
11227	31
1123	10
11234	4
11241	16
11248	122
11255	38
11262	864
11269	4
11276	96
11283	18
11290	12
11297	13
1130	168
11304	299
11311	23
11318	4
11325	301
11332	17
11339	30
11346	5
11353	189
11360	7
11367	820
1137	7
11374	499
11381	208
11388	5
11395	9
114	35
11402	23
11409	32
11416	41
11423	73
11430	8
11437	458
1144	135
11444	11
11451	549
11458	24
11465	62
11472	14
11479	18
11493	16
11500	29
11507	271
1151	231
11514	13
11521	18
11535	369
11542	59
11549	222
11556	715
11563	874
11570	23
11577	853
1158	17699
11584	9
11591	7
11598	1825
11605	52
11612	125
11619	1441
11626	17
11633	36
11640	30
11647	71
1165	13
11654	6
11661	9
11668	37
11675	160
11682	8
11689	639
11696	96
11703	172
11710	3743
11717	69
1172	293
11724	46
11731	20
11738	189
11745	22
11752	57
11759	8957
11766	313
11773	1023
11780	44
11787	15
1179	222
11794	307
11801	66
11808	47
11815	149
11822	20
11829	34
11836	25
11843	293
11850	25
11857	54
1186	149
11864	21
11871	30
11878	71
11885	1556
11892	106
11899	236
11906	33
11913	1949
11920	6
11927	8
1193	76
11934	279
11941	6100
11948	10
11962	15
11969	14
11976	6
11983	1270
11990	8
11997	6
1200	732
12004	346
12011	1840
12018	254
12025	12
12032	177
12039	1819
12046	136
12053	610
12060	1624
12067	14
1207	84
12074	198
12081	174
12088	7
12095	5
121	1202
12102	13
12109	275
12116	32
12123	30
12130	179
12137	14
1214	326
12144	5377
12151	10
12158	6
12165	13
12172	7
12179	54
12186	537
12193	1220
12207	215
1221	4
12214	13
12221	8
12228	196
12235	23
12242	10
12249	116
12256	55
12263	11
12270	42
12277	17
1228	423
12284	156
12291	52
12298	7
12305	9
12312	5941
12319	69
12326	170
12333	1111
12340	398
12347	111
1235	405
12354	14
12361	111
12368	8
12375	178
12382	22
12389	13
12396	36
12403	1158
12410	23
1242	310
12424	86
12431	63
12438	9
12445	17
12452	195
12459	378
12466	177
12473	46
12480	463
12487	45
1249	30
12494	48
12501	7
12508	3471
12515	222
12522	18
12536	26
12543	7
12550	164
12557	313
1256	7
12564	4331
12571	90
12578	14
12585	230
12592	1009
12599	26
12606	6938
12613	8
12620	2128
12627	4
1263	3450
12634	23
12641	19
12648	18
12655	18
12662	28
12669	123
12676	5
12683	731
12690	103
12697	662
1270	10
12704	39
12711	41
12725	8
12732	3687
12739	33
12753	5
12760	166
12767	9
1277	10
12774	61
12781	101
12788	65
12795	32
128	1108
12802	138
12809	8
12816	576
12830	87
12837	29
1284	219
12844	193
12851	4
12858	1818
12865	12
12872	9097
12879	1293
12886	69
12893	44
12900	124
12907	41
12914	2823
12921	39
12928	9
12935	3693
12942	23
12949	13
12956	94
12963	11
12970	5
1298	16
12984	116
12991	30
12998	195
13005	519
13012	365
13019	68
13026	110
13033	125
13040	218
13047	4
1305	12
13054	6
13061	64
13068	103
13075	33
13082	245
13089	83
13096	9
13103	4
13110	658
13117	15
1312	54
13124	75
13131	24
13138	142
13145	454
13152	126
13159	333
13166	12737
13173	180
13180	21
13187	822
1319	275
13194	2209
13201	33
13208	60
13215	6
13229	5
13236	17
13243	39
13250	315
13257	16
1326	180
13264	15
13271	22
13278	184
13285	66
13292	8025
13299	13
13306	49
13313	45
13320	18
13327	13
1333	53
13334	49
13341	6
13348	6
13355	6
13362	7
13369	200
13376	21
13383	208
13390	128
1340	59
13404	77
13411	29
13418	141
13425	675
13432	4
13439	43
13446	152
13453	108
13460	12
13467	21
1347	1136
13474	200
13481	684
13488	276
13495	11
135	6
13502	352
13509	43
13516	832
13523	8
13530	36
13537	146
1354	674
13544	1593
13551	22
13558	78
13565	1772
13572	11
13579	252
13586	107
13593	30
13600	33
13607	9
1361	35
13614	29
13621	306
13628	42
13635	96
13642	207
13649	331
13656	49
13663	90
13670	74
13677	11
1368	338
13684	6
13691	6
13698	110
13705	5
13712	6027
13719	264
13726	10
13733	10415
13740	12568
13747	22
1375	8
13754	15
13761	87
13768	601
13775	130
13782	778
13789	8
13796	11
13803	245
13810	17
13817	112
1382	254
13824	35
13831	25
13838	9175
13845	59
13852	5902
13859	8
13866	4214
13873	83
13880	16
13887	9
1389	5
13894	15
13901	9
13908	28
13915	4
13922	107
13929	210
13936	319
13943	25
13950	44
13957	121
1396	798
13964	138
13971	9
13978	97
13985	15
13992	17
13999	49
14006	54
14013	27
14027	26
1403	11
14034	420
14041	32
14048	242
14055	21
14062	4
14069	284
14076	26
14083	9
14090	15
14097	390
14104	1569
14111	2070
14118	774
14125	4
14132	102
14139	10
14146	1584
14153	28
14160	34
14167	57
1417	14
14174	77
14181	70
14188	22
14195	216
142	22
14202	51
14209	178
14216	26
14223	1110
14230	112
14237	62
1424	18
14244	6
14251	44
14258	183
14265	74
14272	182
14279	18
14286	74
14293	12
14300	52
14307	37
1431	23
14314	39
14321	14
14328	238
14335	3028
14342	19
14349	23
14356	158
14363	8
14370	8
14377	151
1438	71
14384	176
14391	6
14398	247
14405	46
14412	5
14419	1548
14426	198
14433	16
14440	5
14447	2258
1445	56
14454	18
14461	1073
14468	31
14475	5
14482	21
14489	6
14496	28
14503	53
14510	42
14517	15
1452	506
14524	54
14531	149
14538	30
14545	19
14552	21
14559	31
14566	50
14573	1705
14580	74
14587	36
1459	13
14594	579
14601	76
14608	28
14615	35
14622	17
14629	29
14636	646
14643	1224
14650	2350
14657	262
1466	5
14664	75
14671	365
14678	20228
14685	35
14692	45
14699	149
14706	24
14713	8
14720	619
14727	563
1473	58
14734	432
14741	195
14748	9
14755	5
14762	45
14769	19
14776	15
14783	430
14790	44
14797	15
1480	11
14804	482
14811	249
14818	14
14825	117
14832	22
14839	57
14846	133
14853	1870
14860	6
14867	2672
1487	48
14874	3860
14881	4999
14888	59
14895	377
149	584
14902	4
14909	29
14916	25
14923	46
14930	5
14937	14
1494	71
14944	28
14951	856
14958	467
14965	83
14972	4
14979	1036
14986	318
14993	16
15000	318
15007	4
1501	5
15014	12
15021	52
15028	1943
15035	179
15042	943
15049	196
15056	20
15063	781
15070	1064
15077	18
1508	16
15084	791
15091	753
15098	6
15105	17
15112	20
15119	18
15126	67
15133	10
15140	78
15147	7
1515	60
15154	248
15161	8
15168	39
15175	845
15182	1016
15189	9
15196	10
15203	7
15210	33
15217	186
1522	264
15224	11
15231	59
15238	11
15245	40
15252	177
15259	7
15266	24
15273	1197
15280	250
15287	354
1529	8736
15294	683
15301	13
15308	64
15315	36
15322	485
15329	10
15336	168
15343	444
15350	11
15357	524
1536	468
15364	549
15371	21
15378	35
15385	6
15392	8817
15399	5431
15406	318
15413	13
15420	42
15427	16
1543	642
15434	6
15441	25
15448	51
15455	1889
15462	1038
15469	174
15476	13
15483	792
15490	77
15497	60
1550	12
15504	56
15511	36
15518	517
15525	19
15532	973
15539	325
15546	32
15553	9
15560	45
15567	1422
1557	39
15574	6
15581	9
15588	173
15595	251
156	207
15602	306
15609	6
15616	173
15623	287
15630	1871
15637	13
1564	40
15644	23
15651	5
15658	195
15665	18
15672	1105
15679	25
15686	701
15693	3117
15700	3729
15707	704
1571	118
15714	45
15721	93
15728	62
15735	31
15742	32
15749	33
15756	12
15763	546
15770	17
15777	565
1578	853
15784	175
15791	135
15798	30
15805	133
15812	40
15819	80
15826	8
15833	5
15840	247
15847	48
1585	81
15854	7
15861	276
15868	153
15875	73
15882	72
15889	16
15896	89
15910	8
15917	75
1592	161
15924	607
15931	10
15938	31
15945	1473
15952	215
15959	103
15966	41
15973	266
15980	5
15987	229
1599	722
15994	19
16001	636
16008	73
16015	269
16022	82
16029	288
16036	18
16043	120
16050	6
16057	541
1606	5
16064	8
16071	30
16078	33
16085	12
16092	47
16099	13
16106	49
16113	256
16120	24
16127	328
1613	11
16134	86
16141	10
16148	354
16155	5
16162	35
16169	293
16176	8
16183	74
16190	13
16197	55
1620	216
16204	5
16211	10
16218	293
16225	8
16232	13
16239	49
16246	45
16253	69
16260	715
16267	7
1627	6
16274	252
16281	1632
16288	9
16295	237
163	9
16302	15
16309	357
16316	17
16323	70
16330	18
16337	24
1634	89
16344	5
16351	226
16358	144
16365	445
16372	52
16379	150
16386	73
16393	477
16400	166
16407	89
1641	15
16414	1024
16421	82
16428	432
16435	14
16442	13
16449	20
16456	1030
16463	175
16470	76
16477	21
1648	309
16484	94
16491	5
16498	15
16505	393
16512	12
16519	156
16526	256
16533	7
16540	465
16547	46
1655	6
16554	63
16561	401
16568	760
16575	408
16582	57
16589	7192
16596	11
16603	5
16610	300
16617	7709
1662	6
16624	17
16631	92
16638	15
16645	320
16652	67
16659	309
16666	6
16673	6
16680	245
16687	29
1669	32
16694	20
16701	8
16708	8
16715	1258
16722	125
16729	53
16736	45
16743	211
16750	58
16757	3201
1676	12
16764	5
16771	114
16778	6
16785	65
16792	35
16799	65
16806	16
16813	353
16820	30
16827	20
1683	21
16834	577
16841	7
16848	3065
16855	526
16862	40
16869	1014
16876	453
16883	484
16890	84
16897	923
1690	23
16904	13
16911	555
16918	272
16925	72
16932	106
16939	269
16946	61
16953	20033
16960	68
16967	42
1697	23
16974	2773
16981	975
16988	162
16995	3093
17002	192
17009	21
17016	284
17023	17
17030	107
17037	62
1704	107
17044	4665
17051	11
17058	27
17065	8
17072	92
17079	164
17086	103
17093	396
17100	14
17107	27
1711	256
17114	10
17121	7
17135	158
17142	191
17149	3313
17156	43
17163	546
17170	1612
17177	346
1718	5
17184	8
17191	4389
17205	23
17212	59
17219	62
17226	4
17233	79
17240	246
17247	405
1725	196
17254	7
17261	322
17268	26
17275	335
17282	4
17289	57
17296	158
17303	517
17310	125
17317	816
1732	33
17324	38
17331	336
17338	938
17345	6
17352	1304
17359	30
17366	226
17373	47
17380	6
17387	7
1739	15
17394	9
17401	15
17408	88
17415	117
17422	7
17429	7707
17436	21
17443	61
17450	220
17457	16
1746	4
17464	16
17471	662
17485	104
17492	213
17499	4
17506	86
17513	14
17520	13
17527	17
1753	6
17534	16
17541	376
17548	46
17555	1242
17562	749
17569	183
17576	245
17583	274
17590	115
17597	58
1760	61
17604	350
17611	102
17618	7
17625	8
17632	239
17639	5
17646	36
17653	17
17660	161
17667	9
1767	118
17674	7
17681	112
17688	21
17695	184
177	183
17702	166
17709	92
17716	73
17723	519
17730	1558
17737	98
1774	1388
17744	1198
17751	257
17758	9961
17765	44
17772	74
17779	172
17786	38
17793	10
17800	177
17807	6922
1781	6
17814	36
17821	280
17828	2472
17835	7302
17842	32
17849	22
17856	20
17863	291
17870	225
17877	199
1788	133
17884	189
17891	9
17898	787
17905	660
17912	49
17919	52
17926	177
17940	47
17947	40
1795	10
17954	23
17961	6
17968	112
17975	7
17982	823
17989	4
17996	19
18	137
18010	338
18017	6
1802	8
18024	27
18031	20
18038	13
18045	48
18052	187
18059	665
18066	21
18073	24
18080	16
18087	40
1809	17
18094	857
18101	18
18108	25
18115	711
18122	6
18129	9
18136	7
18143	48
18150	1948
18157	468
1816	38
18164	310
18171	3128
18178	11
18185	63
18192	27
18199	10
18206	58
18213	9
18220	11
18227	9
1823	378
18234	11843
18241	26
18248	8
18255	74
18262	6
18269	97
18276	127
18283	12
18290	208
18297	83
1830	698
18304	301
18311	33
18318	30
18325	250
18332	56
18339	4248
18346	499
18353	547
18360	79
18367	42
1837	24
18374	4
18381	339
18388	24
18395	110
184	1040
18402	46
18409	893
18416	23
18423	116
18430	79
18437	89
1844	20
18444	1608
18451	328
18458	33
18465	40045
18472	34
18479	10375
18486	8
18493	7
18500	22
18507	19
1851	56
18514	316
18521	40
18528	21
18535	161
18542	448
18549	6
18556	53
18563	66
18570	236
18577	71
1858	65
18584	117
18591	6
18598	1978
18605	59
18612	77
18619	7
18626	473
18633	37
18640	8
18647	9
1865	20
18654	11
18661	48
18668	6
18675	23
18682	156
18689	4224
18696	1704
18703	151
18710	51
18717	8
1872	12
18724	151
18731	37
18738	9
18745	71
18752	78
18759	7
18766	70
18773	50
18780	42
18787	57
1879	772
18794	6
18801	261
18808	23
18822	9
18829	993
18836	16
18843	12
18850	262
18857	30
1886	24
18864	16
18871	313
18878	11
18885	14
18892	8
18899	138
18906	114
18913	32
18920	7
18927	53
1893	6
18934	16
18941	107
18948	25
18955	12
18962	7
18969	38
18976	16
18983	24
18990	109
18997	5
1900	31
19004	16
19011	58
19018	32
19025	896
19032	41
19039	198
19046	2901
19053	500
19060	6
19067	54
1907	1013
19074	147
19081	54
19088	75
19095	222
191	18
19102	329
19109	18
19116	230
19123	34
19130	131
19137	68
1914	78
19144	14
19151	1080
19158	80
19165	371
19172	29
19179	18
19186	117
19193	181
19200	202
19207	107
1921	10
19214	8
19221	17
19228	329
19235	27
19242	13
19249	42
19256	282
19263	92
19270	8
19277	41
1928	75
19284	28
19291	167
19298	143
19305	477
19312	39
19319	11
19326	57
19333	625
19340	774
19347	35
1935	2396
19354	3352
19361	18
19368	603
19375	11
19382	1442
19389	3384
19396	38
19403	4
19410	6
19417	53
1942	1322
19424	151
19431	55
19438	4
19445	593
19452	12
19459	603
19466	20
19473	42
19480	422
19487	8
1949	18
19494	83
19501	28
19508	14905
19515	138
19522	25
19529	137
19536	229
19543	205
19550	57
19557	16
1956	62
19564	17
19571	573
19578	897
19585	468
19592	44
19599	97
19606	7
19613	2943
19620	387
19627	1573
1963	142
19634	737
19641	14
19648	106
19655	9
19662	10
19669	49
19676	20
19683	48
19690	74
19697	115
1970	588
19704	13
19711	2927
19718	28
19725	4
19732	139
19739	24
19746	5
19753	23
19760	662
19767	1966
1977	14
19774	46
19781	219
19788	14
19795	8
198	43
19802	87
19809	472
19816	7869
19823	59
19830	8
19837	46
1984	128
19844	87
19851	58
19858	47
19865	23
19872	94
19879	7
19886	2268
19893	2160
19900	42
19907	39
1991	194
19914	30
19921	10
19928	60
19935	369
19942	43
19949	189
19956	15
19963	307
19970	319
19977	887
1998	357
19984	49
19991	183
19998	37
20005	19
20012	23
20019	448
20026	25
20033	50
20040	165
20047	30
2005	398
20054	98
20061	770
20068	42
20075	12
20082	13528
20089	16
20096	98
20103	85
20110	17
20117	24
2012	388
20124	12
20131	5
20138	10
20145	29
20152	748
20159	8
20166	291
20173	25
20180	23
20187	7
2019	664
20194	45
20201	6
20208	28
20215	159
20222	6
20229	85
20236	20
20243	526
20250	829
20257	48
2026	509
20271	56
20278	8
20285	761
20292	53
20299	57
20306	26
20313	110
20320	162
20327	4682
2033	191
20334	116
20341	53
20348	18
20355	239
20362	109
20369	8
20376	22
20383	1897
20390	10
20397	173
2040	336
20404	326
20411	22
20418	59
20425	40
20432	27
20439	59
20446	19
20453	16
20460	1469
20467	45
2047	8
20474	125
20481	63
20488	146
20495	60
205	83
20502	877
20509	16
20516	9
20523	85
20530	136
20537	10
2054	874
20544	10
20551	22
20558	18
20565	7
20572	18
20579	19
20586	77
20593	51
20600	2179
20607	1360
2061	8
20614	81
20621	86
20628	303
20635	14
20642	8
20649	371
20656	85
20663	5
20670	3821
20677	16
2068	7
20684	52
20691	1136
20698	246
20705	350
20712	18
20719	16
20726	5
20733	118
20740	327
20747	230
2075	87
20754	7319
20761	186
20768	148
20775	66
20782	33
20789	88
20796	296
20803	31
20810	332
20817	212
2082	38
20824	565
20831	70
20838	353
20845	208
20852	244
20859	27
20866	57
20873	43
20880	45
20887	1094
2089	128
20894	76
20901	10
20908	98
20915	743
20922	19
20929	457
20936	27
20943	1075
20950	22
20957	1605
2096	13
20964	380
20971	11
20978	17
20985	1334
20992	7
20999	74
21006	242
21013	202
21020	54
21027	347
2103	998
21034	83
21041	11
21055	212
21062	29
21069	6
21076	146
21083	3138
21090	240
21097	9
2110	385
21104	14
21111	9
21118	16
21125	1810
21132	37
21139	210
21146	62
21153	692
21160	106
21167	73
2117	72
21174	12361
21181	16
21188	66
21195	13216
212	221
21202	44
21209	28
21216	68
21223	23
21230	1819
21237	13
2124	1798
21244	27
21251	4
21258	24
21265	442
21272	564
21279	7
21286	296
21293	2222
21300	257
21307	199
2131	26
21314	350
21321	18
21328	33
21335	28
21342	29
21349	720
21356	33
21363	38
21370	74
21377	251
2138	176
21384	639
21391	10
21405	27226
21412	86
21419	94
21426	46
21433	20
21447	1138
2145	4
21454	261
21461	3032
21468	444
21475	51
21482	31
21489	52
21496	85
21503	37
21510	29
21517	140
2152	152
21524	261
21531	8
21538	50
21545	8
21552	42
21559	9
21566	48
21573	11381
21580	187
21587	6
2159	5
21594	6
21601	487
21608	192
21615	81
21622	429
21629	58
21636	6
21643	27
21650	427
21657	5
2166	19
21664	123
21671	28
21678	563
21685	9
21692	121
21699	110
21706	95
21713	201
21720	28
21727	207
2173	21
21734	28
21741	24
21748	21
21755	7
21762	4
21769	2609
21776	32
21783	2571
21790	7
21797	51
2180	6328
21804	168
21811	19
21818	26
21825	17
21832	66
21839	119
21846	1029
21853	23
21860	49
21867	9
2187	882
21874	23
21881	36
21888	149
21895	39
219	624
21902	30
21909	475
21916	21
21923	23
21930	42
21937	698
2194	42
21944	124
21951	187
21958	9
21965	21
21972	27
21979	71
21986	435
21993	25
22000	2439
22007	2437
2201	72
22014	41
22021	2088
22028	1577
22035	59676
22042	23
22049	81
22056	56
22063	69
22070	151
22077	29
2208	4
22084	62
22091	95
22098	74
22105	1843
22112	129
22119	18
22126	44
22133	27
22140	171
22147	7
2215	8
22154	41
22161	64
22168	101
22175	281
22182	74
22189	13
22196	92
22203	79
22210	2669
22217	168
2222	4
22224	1783
22231	14
22238	1030
22245	184
22252	94
22259	19
22266	14
22273	72
22280	98
22287	6
2229	1379
22294	49
22301	18
22308	909
22315	201
22322	357
22329	131
22336	50
22343	810
22350	118
22357	9
2236	57
22364	16
22371	9
22378	27
22385	41
22392	30
22399	35
22406	157
22413	26
22420	18
22427	21
2243	142
22434	50
22441	24
22448	40
22455	109
22462	10
22469	297
22476	1482
22483	14
22490	226
22497	865
2250	42
22504	7358
22511	189
22518	113
22525	531
22539	122
22546	55
22553	678
22560	50
22567	12
2257	116
22574	64
22581	393
22588	171
22595	10
226	1541
22602	4
22609	179
22616	13
22623	42
22630	50
22637	7
2264	11
22644	36
22651	14
22658	542
22665	20
22672	390
22679	59
22686	127
22693	61
22700	43
22707	60
2271	92
22714	20
22721	2646
22735	40
22742	77
22749	21
22756	21
22763	96
22770	15
2278	311
22784	45
22791	36
22798	40
22805	205
22812	27
22819	1817
22826	151
22833	276
22840	8
22847	6
2285	4
22854	10
22861	7
22868	38
22875	143
22882	4257
22889	15
22896	5
22903	9
22910	15
22917	105
2292	21
22924	66
22931	6
22938	181
22945	8
22952	4097
22959	10130
22966	35
22973	78
22980	22
22987	145
2299	36
22994	11
23001	2144
23008	280
23015	537
23022	32
23029	11747
23036	152
23043	311
23050	23
23057	31
2306	5
23064	190
23071	35
23078	19
23085	1412
23092	4
23099	787
23106	2102
23113	29
23120	20
23127	26
2313	4
23134	138
23141	11
23148	859
23155	197
23162	16
23169	70
23176	11
23183	186
23190	114
23197	10
2320	286
23204	1002
23211	219
23218	13
23225	10
23232	171
23239	21
23246	12
23253	90
23260	27
23267	16
2327	340
23274	12
23281	52
23288	15871
23295	12
233	113
23302	229
23309	13
23316	31
23323	854
23330	15
23337	86
2334	136
23344	7
23351	183
23358	50
23365	7
23372	40
23379	25
23386	11
23393	154
23400	4091
23407	762
2341	29
23414	302
23421	29
23428	106
23435	8
23442	6
23449	66
23456	104
23463	8
23470	624
23477	34
2348	21
23484	1945
23491	155
23498	10
23505	233
23512	4
23519	33
23526	26
23533	16
23540	1504
23547	17
2355	6
23554	5892
23561	31
23568	16
23575	31
23582	15
23589	4
23596	5
23603	203
23610	7
23617	64
2362	195
23631	377
23638	23
23645	6220
23652	17
23659	160
23666	106
23673	210
23680	34
23687	1824
2369	17
23694	13
23701	47
23708	8
23715	592
23722	303
23729	564
23736	113
23743	27
23750	20
23757	25
2376	313
23764	246
23771	8
23778	49
23785	1290
23792	39
23799	335
23806	228
23813	7
23820	28
23827	32
2383	759
23834	13
23841	61
23848	1366
23862	282
23869	81
23876	66
23897	25
2390	1760
23904	127
23911	35
23918	31
23925	24
23932	210
23939	24
23953	1111
23960	25
23967	18
2397	742
23974	6
23981	62
23988	17
23995	456
240	31
24002	345
24009	8598
24016	78
24023	4
24030	20
24037	197
2404	97
24044	100
24051	36
24058	482
24065	9
24072	19
24079	190
24086	625
24093	417
24100	43
24107	889
2411	142
24114	717
24121	7
24128	11
24135	3210
24142	1632
24149	92
24156	809
24163	48
24170	167
24177	2520
2418	32
24184	55280
24191	21
24198	170
24205	85
24212	14
24219	62
24226	76
24240	8
24247	16
2425	926
24254	145
24261	55
24268	43
24275	105
24282	28
24289	251
24296	58
24303	234
24310	29
24317	15
2432	357
24324	35
24331	60
24338	277
24345	85
24352	75
24359	242
24366	51
24373	2883
24380	20
24387	38
2439	296
24394	23
24401	116
24408	23
24415	147
24422	21
24429	65
24436	47
24443	66
24450	36
24457	51
2446	249
24464	20
24471	64
24478	60
24485	23
24492	1312
24499	1687
24506	1495
24513	12
24520	46
24527	259
2453	176
24534	570
24541	123
24548	56
24555	293
24562	59
24569	14
24576	12
24583	1270
24590	9
24597	183
2460	141
24604	471
24611	25
24618	16
24625	6
24632	207
24639	233
24646	12
24653	19
24660	690
24667	7
2467	9
24674	174
24681	5
24688	32
24695	332
247	57
24702	11
24709	22
24716	314
24723	13
24730	355
24737	767
2474	5
24744	184
24751	21
24758	33
24765	260
24772	102
24779	5
24786	106
24793	7
24800	16
24807	196
2481	2283
24814	45
24821	20
24828	65
24835	122
24842	123
24849	4
24856	6
24863	55
24870	34
24877	16
2488	424
24884	929
24891	3228
24898	6
24905	10
24912	5
24919	42
24926	8
24933	3453
24940	462
24947	4
2495	771
24954	11234
24961	83
24968	243
24975	45
24982	12
24989	70
24996	120
25	2166
25003	14
25010	1544
25017	1326
2502	34
25024	64
25031	232
25038	15
25045	63
25052	236
25059	272
25066	23
25073	9
25080	61
25087	2700
2509	326
25094	114
25101	298
25108	1015
25115	127
25122	1082
25129	45
25136	263
25143	39
25150	34
25157	742
2516	339
25164	13
25171	503
25178	25
25185	8
25192	17
25199	5029
25206	94
25213	33
25220	11
25227	495
2523	107
25234	242
25241	57
25255	20
25262	11
25269	95
25283	744
25290	15
25297	7
2530	15
25304	229
25311	107
25318	31
25325	22
25332	2247
25339	58
25346	3191
25353	13
25360	22
25367	284
2537	3590
25374	24
25381	49
25388	81
25395	9
254	63
25402	8
25409	12
25416	114
25423	10
25430	16
25437	293
2544	314
25444	45
25451	94
25458	33
25465	16
25472	1440
25479	6
25486	38
25493	655
25500	172
25507	4
2551	65
25514	6
25521	109
25528	75
25535	535
25542	503
25549	57
25556	526
25563	4
25570	683
25577	191
2558	26
25584	1469
25591	414
25598	1273
25605	42
25612	43
25619	30
25626	15
25633	102
25640	8856
25647	5158
2565	77
25654	57
25661	11
25668	35
25675	98
25682	116
25689	19
25696	144
25703	75
25710	28
25717	100
2572	29
25724	12
25731	23
25738	37
25745	1912
25752	12
25759	20
25766	31
25773	777
25780	26
25787	105
2579	604
25794	13
25801	84
25808	279
25815	5
25822	62
25829	10
25836	513
25843	497
25850	49
25857	21
2586	29
25864	28
25871	9
25878	366
25885	1031
25892	22
25899	44
25906	240
25913	21
25920	406
25927	171
2593	1666
25934	139
25941	112
25948	1191
25962	208
25969	12
25976	648
25990	40
25997	152
2600	7
26004	6
26011	20
26018	39
26025	76
26032	5274
26039	9
26046	28
26053	29
26060	262
26067	4
2607	23
26074	6
26081	13
26088	2523
26095	109
261	1417
26102	18
26109	8
26116	10
26123	7
26137	9
2614	71
26144	39
26151	20
26158	63
26165	20735
26172	5528
26179	9
26186	57
26193	273
26200	103
26207	54
2621	12
26214	49
26221	1254
26228	29
26235	17
26242	2887
26249	15
26256	50
26270	135
26277	51
2628	96
26284	231
26291	71
26298	4276
26305	42
26312	2021
26319	409
26326	33
26333	11
26340	19
26347	601
2635	408
26354	153
26361	12
26368	64
26375	300
26382	18
26389	29
26396	511
26403	116
26410	1999
26417	4
2642	10
26424	28
26431	1456
26438	4
26445	60
26452	2199
26459	890
26466	108
26473	46
26480	865
26487	79
2649	89
26494	32
26501	47
26508	32
26515	21
26522	104
26529	55
26536	17
26543	7
26550	4
26557	114
2656	161
26564	117
26571	526
26578	24
26585	10
26592	113
26599	408
26606	1724
26613	19
26620	21233
2663	808
26634	3698
26641	105
26648	5569
26655	6
26662	63
26669	153
26676	42
26683	2990
26690	53
26697	78
2670	716
26704	18
26711	458
26718	38
26725	12
26732	15
26739	291
26746	232
26753	148
26760	38
26767	2735
2677	1217
26774	6
26781	77
26788	71
26795	552
268	6
26802	59
26816	14
26823	81
26830	50
26837	96
2684	24
26844	12
26851	30
26858	4
26865	34
26872	377
26879	5
26886	6
26893	68
26900	2231
26907	183
2691	275
26914	6045
26921	140
26928	111
26935	111
26942	21
26949	2950
26956	86
26963	4
26970	17
26977	31
2698	63
26984	64
26991	7
26998	19
27005	13
27012	4471
27019	557
27026	4
27033	723
27040	220
27047	4
2705	15
27054	19
27061	1420
27068	51
27075	33
27082	38
27089	47
27096	384
27103	22
27110	23
27117	2227
2712	383
27124	72
27131	23
27138	73
27145	194
27152	9
27159	19
27166	4
27173	29
27180	32
27187	13
2719	92
27194	11
27201	54
27208	15
27215	8
27222	8
27229	613
27236	36
27243	7640
27250	443
27257	26
2726	1433
27264	12
27271	223
27278	453
27285	26
27292	1246
27299	881
27306	9
27313	1577
27320	17
27327	11
2733	25
27334	56
27341	8
27348	48
27355	2863
27362	583
27369	62
27383	75
27390	188
27397	7
2740	112
27404	21
27411	48
27418	913
27425	21
27432	128
27439	103
27446	7
27453	20
27460	71
27467	14
2747	297
27474	214
27481	32
27488	12
27495	160
275	143
27502	330
27509	5413
27516	13
27523	8
27530	233
27537	9
2754	99
27544	4951
27551	359
27558	107
27565	201
27572	17
27579	19
27586	26
27593	7
27600	44
27607	21
2761	25
27614	14
27621	186
27628	21
27635	65
27642	680
27649	217
27656	62
27663	5158
27670	34
27677	134
2768	68
27684	339
27691	17
27698	98
27705	3067
27719	174
27726	437
27733	41
27740	101
27747	186
2775	320
27754	119
27761	2177
27768	26
27775	54
27782	65
27789	25
27796	10630
27803	13
27810	5
27817	1291
2782	33
27824	151
27831	11
27838	30
27845	137905
27852	68
27859	27
27866	64
27873	12
27880	126
27887	69
2789	6
27894	6
27901	82
27908	5
27915	45
27922	4
27929	40
27936	136
27943	5
27950	4
27957	77
27964	603
27971	14
27978	574
27985	5084
27992	765
27999	2905
28006	103
28013	9
28020	683
2803	5
28034	16
28041	12
28048	107
28055	10
28062	25
28069	6
28076	297
28083	1474
28090	33
28097	42
2810	198
28104	126
28111	21
28118	255
28125	22
28132	3179
28139	48
28146	151
28153	61
28160	14
28174	566
28181	4
28188	127
28195	62
282	138
28202	462
28209	67
28216	131
28223	11
28230	135
28237	50
2824	27
28244	368
28251	7
28258	38
28265	7
28272	107
28279	30
28286	989
28293	4
28300	11
28307	212
2831	69
28314	10
28321	293
28328	150
28335	65
28342	1070
28349	308
28356	145
28363	27
28370	107
28377	275
2838	2019
28384	1446
28391	38
28398	1030
28405	4
28412	462
28419	316
28426	13
28433	308
28440	7
28447	7
2845	13
28454	975
28461	4
28468	98
28475	13
28482	22
28489	140
28496	54
28503	74
28510	42
28517	385
2852	192
28524	6
28531	39
28538	10
28545	217
28552	36
28559	4
28566	274
28573	285
28580	21
28587	25
2859	84
28594	348
28601	10455
28615	25
28622	616
28629	23
28636	32
28643	276
28650	7
28657	143
2866	110
28664	11
28671	16
28678	19
28685	61
28692	431
28699	1284
28706	35
28713	169
28720	413
28727	104
2873	7
28734	46
28741	454
28748	688
28755	91
28762	288
28769	3224
28776	36
28783	13
28790	1087
28797	367
2880	117
28804	133
28811	17
28825	72
28832	73
28839	30
28846	15
28853	132
28867	30
2887	5
28874	274
28881	465
28888	137
28895	50
289	6
28902	258
28909	195
28916	461
28923	103
28930	823
28937	180
2894	40
28944	36
28951	49
28958	87
28965	61
28972	14
28979	104
28986	5813
28993	12698
29000	28
29007	386
2901	92
29014	24
29021	34
29028	117
29035	211
29042	8
29049	12
29056	16
29063	26
29070	21
29077	5038
2908	36
29084	169
29091	948
29098	123
29105	178
29112	1382
29119	7
29126	1168
29133	547
29140	117
29147	8
2915	443
29154	10
29161	87
29168	14
29175	16
29182	396
29189	196
29196	118
29203	16
29210	65
29217	440
2922	306
29224	79
29231	67
29238	77
29245	31
29252	786
29259	448
29266	53
29273	40
29287	305
2929	388
29294	7
29301	72
29308	11
29315	1435
29322	6
29329	107
29336	234
29350	115
29357	24
2936	102
29364	5
29371	23
29378	58
29385	47
29392	1265
29399	96
29406	283
29413	212
29427	4
2943	307
29434	31
29441	20
29448	76
29455	58
29462	107
29469	36
29476	21
29483	49
29490	28
29497	6
2950	139
29504	5
29511	27
29518	81
29525	86
29532	46
29539	7
29546	168
29553	7063
29560	14
29567	102
2957	16
29574	1903
29581	75
29595	5
296	10
29602	50
29609	147
29616	1516
29623	1291
29630	18
29637	82
2964	493
29644	31
29651	184
29658	400
29665	19
29672	2174
29679	15
29686	748
29693	11
29700	534
29707	90
2971	469
29714	541
29721	62
29728	129
29735	532
29742	541
29749	15
29756	27
29763	492
29770	24
29777	25
2978	13
29784	18
29791	238
29798	1102
29805	456
29812	81
29819	47
29826	1415
29833	234
29840	470
29847	18
2985	542
29854	231
29861	121
29868	246
29875	93
29882	8
29889	25
29896	8
29903	15
29910	607
29917	244
2992	150
29924	18
29931	426
29938	156
29952	544
29959	15
29966	70
29973	15
29980	387
29987	21999
2999	157
29994	17
30001	8
30008	13
30015	97
30022	146
30029	4
30036	1267
30043	246
30050	8
30057	1874
3006	310
30064	1356
30071	195
30078	21
30085	42
30092	6
30099	10
30106	1338
30113	184
30120	25
30127	83
3013	13
30134	19
30141	5
30148	921
30155	152
30162	1700
30169	16636
30176	61
30183	4579
30190	175
30197	159
3020	6837
30204	494
30211	36
30218	139
30225	18
30232	32
30239	6
30246	107
30260	180
30267	89
3027	34
30274	844
30281	6
30288	61
30295	99
303	26
30302	6
30309	673
30316	322
30323	770
30330	24
30337	330
3034	150
30344	20
30351	8
30358	44
30365	711
30372	36
30379	107
30386	22
30393	132
30400	145
30407	1018
3041	21
30414	23
30421	7
30428	482
30435	104
30442	7259
30449	130
30456	650
30463	3804
30470	9
30477	64
3048	68
30484	28
30491	37
30498	39
30505	793
30512	233
30519	14
30526	9
30533	73
30540	42
30547	36
3055	761
30554	59
30561	5439
30568	62
30575	41
30582	4
30589	577
30596	69
30603	8
30610	474
30617	546
3062	23
30624	25
30631	5
30638	1933
30645	421
30652	11
30659	983
30666	40
30673	71
30680	289
30687	5
3069	241
30694	25
30701	78
30708	16
30715	8
30722	22
30729	150
30736	111
30743	16
30750	108
30757	5
3076	20
30764	1422
30771	246
30778	385
30785	12
30792	14
30799	150
30806	729
30813	19
30820	567
30827	13571
3083	45
30834	120
30841	125
30848	125
30855	2077
30862	6
30869	18
30876	23
30883	82
30890	36
30897	4
3090	1009
30904	104
30911	65
30918	1476
30925	155
30932	8
30939	4
30946	384
30953	2326
30960	2166
30967	2950
3097	48
30974	285
30981	24
30988	35
30995	1720
310	1103
31002	167
31009	9
31016	60
31023	14
31030	74
31037	5
3104	151
31044	102
31051	68
31058	23
31065	16
31072	7
31079	49
31086	607
31093	224
31100	2733
31107	8
3111	121
31114	272
31121	44
31128	13
31135	23
31142	67
31149	15
31156	111
31163	139
31170	5
31177	97
3118	334
31184	82
31198	10
31205	193
31212	11
31219	15
31226	6
31233	245
31240	5
31247	193
3125	15
31261	65
31268	3773
31275	1515
31282	844
31289	97
31296	246
31303	43
31310	18
31317	494
3132	19
31324	8
31331	10
31338	6470
31345	61
31352	109
31359	33
31366	73
31373	969
31380	277
31387	1037
3139	53
31394	1425
31401	26
31408	18
31415	8
31422	2337
31429	201
31436	11
31443	75
31450	208
31457	17
3146	273
31464	43
31471	2765
31478	932
31485	29
31492	121
31499	134
31506	50255
31513	1530
31520	7
31527	22
3153	50
31534	16
31541	146
31548	6
31555	2838
31562	7024
31569	100
31576	19
31583	10
31590	5
31597	39
3160	11
31604	94
31611	415
31618	4521
31625	24
31632	197
31639	104
31653	692
31660	1001
31667	188
3167	6
31674	106
31681	609
31688	76
31695	23
317	74
31702	189
31709	142
31716	136
31723	38
31730	1796
31737	3269
3174	51
31744	203
31751	48
31758	85
31765	12
31772	912
31779	79
31786	5
31793	314
31800	86
31807	44
3181	20
31814	14
31821	481
31828	33
31835	16
31842	30
31849	8
31856	7
31863	7
31870	20
31877	10
3188	531
31884	28
31891	18
31898	4
31905	6
31912	1805
31919	19
31926	108
31933	602
31940	92
31947	37
3195	71
31954	658
31961	1120
31968	5
31975	156
31982	53
31989	74
31996	11
32	543
32003	109
32010	5
32017	472
3202	34
32024	132
32031	138
32038	11
32045	42
32052	4346
32059	680
32073	6
32080	181
32087	6
3209	24
32094	29
32101	48
32108	372
32115	1307
32122	23
32129	9
32136	8
32143	19
32150	30
32157	5
3216	87
32164	4
32171	115
32178	97
32185	15
32192	417
32199	9
32206	13
32213	7
32220	109
32227	1753
3223	39
32234	8
32241	56
32248	15
32255	369
32262	29
32269	17
32276	246
32283	47
32290	103
32297	112
3230	55
32304	486
32311	44
32318	26
32325	194
32332	6
32339	23
32346	141
32353	226
32360	4890
32367	11
3237	247
32374	303
32381	13
32388	39
32395	204
324	13
32402	2056
32409	5
32416	15
32423	669
32430	46
32437	118
3244	145
32444	5
32451	70
32458	15
32465	8361
32472	429
32479	15
32486	3011
32493	19
32500	203
32507	60
3251	11
32514	7
32521	90
32528	38
32535	111
32542	80
32549	186
32556	94
32563	281
32570	1214
32577	77
3258	64
32584	33
32591	86
32598	43
32605	3134
32612	14
32619	347
32626	101
32633	13
32640	171
32647	1614
3265	5270
32654	19
32661	6
32668	33
32675	28
32682	89
32689	25974
32696	11
32703	206
32710	1085
32717	4693
3272	197
32724	134
32731	23
32738	152
32745	200
32752	244
32759	6
32766	72
32773	587
32780	128
32787	20
3279	14
32794	48
32801	13
32808	5
32815	11
32822	111
32829	256
32836	56
32843	1269
32850	3036
32857	2213
3286	5
32864	19639
32871	24
32878	56
32885	98
32892	50
32899	5
32906	672
32913	66
32920	28
32927	1056
3293	208
32934	60
32941	8
32948	24
32955	1278
32962	49
32969	5
32976	163
32983	50
32990	21
32997	12
3300	17
33004	60
33011	9
33018	350
33025	308
33032	14
33039	13
33046	27
33053	178
33060	189
33067	48
3307	243
33074	79
33081	3517
33088	80
33095	2286
331	13
33102	228
33109	540
33116	275
33123	259
33130	18
33137	6
3314	50
33144	219
33151	423
33158	252
33165	5
33172	97
33179	5
33186	12
33193	74
33200	483
33207	25
3321	474
33214	1333
33221	6
33228	232
33235	8
33242	10
33249	1199
33256	73
33270	129
33277	26
3328	7
33284	176
33291	100
33298	90
33305	171
33312	147
33319	62
33326	499
33333	134
33340	33
3335	6
33354	297
33361	107
33368	1283
33375	6
33382	124
33389	62
33396	11
33403	9
33410	24
33417	12
3342	32
33424	171
33431	37
33438	3632
33445	61
33452	5219
33459	5
33466	342
33473	76
33480	473
33487	19
3349	9
33494	209
33501	25
33508	1841
33515	447
33522	21
33529	440
33536	8
33543	1236
33550	89
33557	362
3356	9
33564	122
33571	202
33578	22
33585	5
33592	386
33599	112
33606	328
33613	459
33620	40
33627	109
3363	41
33634	40
33641	13
33648	40
33655	227
33662	25
33669	30
33676	43
33683	44
33690	363
33697	13
3370	4
33704	116
33718	299
33725	64
33732	25
33739	214
33746	2047
33753	50
33760	40
33767	36
3377	234
33774	20
33781	58
33788	1794
33795	18
338	17
33802	127
33809	166
33816	1572
33823	17
33830	19
33837	81
3384	340
33844	52
33851	6
33858	29
33872	62
33879	6
33886	205
33893	18
33900	48
33907	12
3391	67
33914	139
33921	6
33928	34
33935	14
33942	661
33949	262
33956	2592
33963	4
33970	152
33977	48
3398	658
33984	1158
33991	81
33998	15
34005	3938
34012	2072
34019	765
34026	415
34033	53
34040	578
34047	754
3405	332
34054	37
34061	777
34068	37
34075	140
34082	63
34089	39
34096	50
34103	239
34110	232
34117	201
3412	60
34124	2560
34131	8
34138	5
34145	239
34152	30
34159	26
34166	1845
34173	5
34180	41
34187	21
3419	41
34194	661
34201	8
34208	871
34215	5
34222	956
34229	1195
34236	48
34243	31792
34257	120
34264	572
34271	29
34278	505
34292	158
34299	84
34306	29
34313	17
34320	1241
34327	177
3433	11
34334	29
34341	4
34348	4
34355	1441
34362	875
34369	79
34376	199
34383	10
34390	5
34397	30
3440	5
34404	47
34411	4
34418	178
34425	69
34432	133
34439	53
34446	492
34453	319
34460	18
34467	252
3447	98
34474	49
34481	5
34488	10
34495	166
345	6
34502	497
34509	245
34516	54
34523	393
34530	7917
34537	117
3454	232
34544	7
34551	6550
34558	81
34565	4583
34579	8
34586	482
34593	126
34600	207
34607	115
3461	45
34614	218
34621	4
34628	56
34635	1833
34642	116
34649	12
34656	80
34663	5
34670	41
34677	149
3468	18
34684	160
34691	122
34698	7
34705	9
34712	18
34719	9
34726	159
34733	84
34740	38
34747	50
3475	15
34754	114
34768	555
34775	85
34782	4
34789	1850
34796	174
34803	4
34810	9
34817	603
3482	49
34824	3515
34831	7
34838	174
34845	24
34852	7
34859	7
34866	867
34873	346
34880	6
34887	492
3489	26
34894	312
34901	14
34908	71
34915	1288
34922	62
34929	93
34936	6
34943	1107
34950	72
34957	185
3496	31
34964	53
34971	245
34978	25
34992	103
34999	67
35006	28
35013	22
35020	184
35027	25
3503	24
35034	876
35048	104
35055	1244
35062	6
35069	19
35076	55
35083	116
35090	572
35097	533
3510	41
35104	12
35111	9
35118	4
35125	7
35132	3681
35139	11
35146	59
35153	64
35160	35
35167	3573
35174	129
35181	1960
35188	1448
35195	126
352	558
35202	616
35209	505
35216	205
35223	1278
35230	49
35237	6
3524	27
35244	11
35251	58
35258	14
35265	6
35272	64
35279	37
35286	822
35293	198
35300	20
35307	11
3531	13
35314	8
35321	3955
35328	682
35335	18
35342	510
35349	101
35363	1087
35370	476
35377	11
3538	5
35384	183
35391	437
35398	9
35405	29
35412	518
35419	1244
35426	17
35433	10
35440	590
35447	4
3545	182
35454	8
35461	2098
35468	30
35475	145
35482	101
35489	109
35496	451
35503	11621
35510	4718
35517	24
3552	8
35524	43
35531	84
35538	9
35545	9
35552	159
35559	87
35566	40
35580	23
35587	13
3559	47
35594	2497
35601	1115
35608	4
35615	5
35622	960
35629	3077
35636	11
35643	18
35650	29
35657	44
3566	596
35664	76
35671	67
35678	196
35685	19
35692	5
35699	29
35706	29
35713	47
35720	57
35727	725
3573	306
35734	2781
35741	16
35748	180
35755	83
35762	2851
35769	1133
35776	126
35783	10
35790	42
35797	17
3580	5
35804	81
35811	8
35818	35
35825	261
35832	11
35839	22
35846	133
35853	117
35860	15
35867	132
3587	5
35874	8
35881	5
35888	9
35895	8
359	186
35902	384
35909	2247
35916	5
35923	784
35930	6
35937	19
3594	2257
35944	70
35951	57895
35958	1789
35965	24
35972	98
35979	28
35986	3792
35993	327
36000	30
36007	4
3601	258
36014	80
36021	11
36028	247
36035	42
36042	44
36049	14
36056	298
36063	19
36070	14572
36077	23
3608	21
36084	91
36091	20
36098	104
36105	19
36112	262
36119	7
36126	1341
36133	108
36140	17
36147	87
3615	13
36154	5
36161	141
36168	9
36175	31
36182	62
36189	1628
36196	160
36203	11
36210	190
36217	41
3622	101
36224	70
36231	64
36238	59
36245	9
36252	24
36259	2184
36266	850
36273	115
36280	149
36287	2245
3629	15
36294	456
36301	278
36308	4
36315	2475
36322	2812
36329	35
36336	27
36343	17
36350	44
36357	10
3636	13
36364	863
36371	31
36378	54
36385	47
36392	134
36399	290
36406	3365
36413	53
36420	82
36427	50
3643	35
36434	336
36441	1254
36448	90
36455	10
36462	37
36469	144
36476	344
36483	82
36490	199
36497	5
3650	8
36504	5
36511	79
36518	7
36525	4
36532	28
36539	6
36546	6
36553	160
36560	68
36567	5
3657	16
36574	1306
36581	23
36588	21
366	76
36602	35
36609	514
36616	308
36623	26
36630	89
36637	19
3664	1354
36644	116
36651	2758
36658	555
36665	87
36672	346
36679	250
36686	56
36693	132
36700	5
36707	419
3671	66
36714	1726
36721	28
36728	105
36735	12056
36742	84
36749	18
36756	11
36763	870
36770	32
36777	142
3678	167
36784	224
36791	35
36798	84
36805	10
36812	27
36819	161
36826	11
36833	262
36840	4
36847	275
3685	24
36854	2560
36861	150
36868	25
36875	47
36882	11
36889	6
36896	25
36903	8
36910	138
36917	8
3692	7
36924	152
36931	35
36938	67
36945	94
36952	34
36959	50
36966	37
36973	11
36980	27
36987	18
3699	544
36994	2952
37001	385
37008	42
37015	8
37022	3095
37029	11975
37036	674
37043	7
37050	487
37057	4
3706	88
37064	16
37071	41
37078	50
37085	40
37092	236
37099	79
37106	24
37113	645
37120	925
37127	12
3713	61
37134	51
37141	3456
37148	689
37155	6
37162	84
37169	24
37176	261
37183	25
37190	144
37197	556
3720	32
37204	325
37211	59
37218	28
37225	4
37232	49
37239	70
37246	52
37260	13
37267	19
3727	154
37274	261
37281	4
37288	5341
37295	23
373	122
37302	153
37309	46
37316	17
37323	14
37330	227
37337	28
37344	13
37351	120
37358	202
37365	18
37372	88
37379	30
37386	52
37393	31
37400	396
37407	28
3741	7
37414	152
37421	11
37428	157
37435	25
37442	392
37449	2278
37456	15
37463	11
37470	12
37477	312
3748	21
37484	23
37491	28
37498	18
37505	41
37512	26
37519	26
37526	4
37540	6
37547	145
3755	74
37554	41
37561	129
37568	8
37575	29
37582	59
37596	16
37603	59
37610	12
37617	10
3762	42
37624	33
37631	16
37638	98
37645	442
37652	4
37659	116
37666	18
37673	63
37680	136
37687	31768
3769	53
37694	109
37701	76
37708	38
37715	14
37722	1049
37729	130
37736	137
37743	38
37750	207
37757	45
3776	381
37764	10
37771	18
37778	42
37785	13
37792	1458
37799	57
37806	38
37813	13
37820	154
37827	12
3783	123
37834	34
37841	687
37848	290
37855	30
37862	4
37869	82
37876	1067
37883	15
37890	679
37897	221
3790	52
37904	483
37911	192
37918	8
37925	7
37932	8
37939	200
37946	42
37953	50
37960	28
37967	5
3797	58
37974	5
37988	26
37995	400
380	85
38002	96
38009	4
38016	294
38023	6
38030	6
38037	5
3804	115
38044	526
38051	2655
38058	62
38065	31
38072	272
38079	78
38086	36
38093	319
38100	272
3811	15
38114	4
38121	21
38128	108
38135	297
38142	5
38149	24
38156	157
38163	6
38170	34
38177	13
3818	202
38184	33
38191	27
38198	48
38205	1281
38212	80
38219	42
38226	1999
38233	531
38240	507
38247	515
3825	26
38254	16
38261	4
38268	80
38275	2419
38282	7
38289	1208
38296	22
38303	938
38310	357
38324	4
38331	40
38338	7
38345	31
38352	8
38359	13
38366	36
38380	147
38387	433
3839	30
38394	44
38401	35
38408	678
38415	382
38422	17
38429	12
38436	10
38443	57
38450	15
38457	209
3846	17
38464	495
38471	408
38478	52
38485	79
38492	31
38499	15
38506	109
38513	137
38520	48
38527	533
3853	5
38534	28
38541	65
38548	602
38555	33
38562	3030
38569	510
38576	267
38583	304
38590	88
38597	44
3860	184
38604	6
38611	27
38618	1897
38625	112
38632	126
38639	95
38646	9
38653	137
38660	26
38667	14
3867	17
38674	222
38681	91
38688	79
38695	35
387	98
38702	17
38709	24
38716	105
38723	29
38730	3022
38737	159
3874	1356
38751	440
38758	122
38765	10
38772	8337
38779	153
38786	23
38793	400
38800	31
38807	15
3881	99
38814	67
38821	18
38828	126
38835	60
38849	1068
38856	290
38863	35
38870	41
38877	18
3888	291
38884	145
38891	4
38898	20
38905	498
38912	110
38919	207
38926	713
38933	93
38940	273
38947	183
3895	13
38954	44
38961	19
38968	118
38975	13
38982	14
38989	12
38996	8698
39	9
39003	6
39010	59
39017	62
3902	9
39024	4127
39031	56
39038	107
39045	7
39052	41
39059	2489
39066	355
39073	21
39080	18
39087	66
3909	13
39094	2635
39101	736
39108	9733
39115	287
39122	42
39129	79
39136	123
39143	4
39150	11
39157	589
3916	360
39164	7
39171	4
39178	257
39185	292
39192	72
39199	275
39206	9
39213	9
39220	202
39227	70
3923	38
39234	16
39241	15
39248	25
39255	47
39262	235
39269	72
39276	5140
39283	13
39290	47
39297	161
3930	12
39304	6
39311	29
39318	18
39325	4
39332	2704
39339	128
39346	96
39353	285
39360	136
39367	4
3937	11
39374	1923
39381	136
39388	71
39395	9
394	29
39402	76
39409	4317
39416	12
39423	308
39430	4680
39437	68
3944	196
39444	13
39451	137
39458	30
39465	408
39472	20
39479	332
39486	46
39493	38
39500	15
39507	135
3951	1781
39514	34
39521	25
39528	11
39535	103
39542	59
39549	481
39556	52
39563	117
39570	630
39577	597
3958	36
39584	34
39591	30
39605	638
39612	728
39619	16824
39626	25
39633	16
39640	28
39647	172
3965	14
39654	59
39661	74
39668	14
39675	13
39682	128
39689	15
39696	915
39703	22
39710	58
39717	7
3972	19
39724	68
39731	21
39738	35
39745	54
39752	34
39766	154
39773	14
39780	118
39787	206
3979	15
39794	4871
39801	34
39808	14
39815	166
39822	17
39829	41
39836	36
39843	7
39850	706
39857	66
3986	6
39864	24
39871	1061
39878	29
39885	18
39892	100
39899	98
39906	13
39913	30
39920	6
39927	309
3993	9
39934	8
39941	52
39948	8
39955	53
39962	338
39969	82
39976	23
39983	29
39990	1857
39997	71
4000	90
40004	338
40011	74
40018	8
40025	289
40032	259
40039	64
40046	23
40053	154
40067	56
4007	46
40074	12
40081	22
40088	166
401	324
40102	27
40109	8
40116	49
40123	129
40130	11
4014	18
40144	147
40151	147
40158	93
40165	41
40172	98
40179	129
40186	307
40193	11
40200	4
40207	6
4021	13
40214	1653
40221	7
40228	520
40235	123
40242	24
40249	5
40256	1148
40270	40
40277	214
4028	4
40284	21
40291	38
40298	234
40305	15
40312	163
40319	273
40326	206
40333	169
40340	48
40347	12
4035	79
40354	2588
40361	69
40368	20
40375	76
40382	10
40389	120
40396	17960
40403	689
40410	124
40417	1000
4042	265
40424	179
40431	10
40438	9
40445	16
40452	38
40459	1106
40466	28
40473	10
40480	40
40487	58
4049	11
40494	159
40501	1084
40508	40
40515	20
40522	167
40529	821
40536	109
40543	151
40550	284
40557	476
4056	402
40564	4
40571	18044
40578	36
40585	224
40592	1528
40599	93
40606	331
40613	79
40620	216
40627	675
4063	53
40634	1017
40641	4
40648	273
40655	17
40662	70
40669	18
40676	336
40683	573
40690	16
40697	8
4070	77
40704	31
40711	747
40718	45
40725	1430
40732	194
40739	27
40746	215
40753	235
40760	88
40767	426
40774	36
40781	194
40788	311
40795	1998
408	19
40802	197
40816	23
40823	9
40830	65
40837	23
4084	16
40844	200
40858	202
40865	419
40872	148
40879	163
40886	20
40893	70
40900	67
40907	33
4091	865
40914	172
40921	410
40928	257
40935	174
40942	63
40956	54
40963	426
40970	15
40977	113
4098	398
40984	8
40991	127
40998	88
41005	490
41012	5
41019	246
41026	445
41033	12
41040	64
41047	1084
4105	172
41054	89
41061	207
41068	174
41075	80
41082	95
41089	408
41096	216
41103	79
41110	316
41117	648
4112	36
41124	294
41131	4245
41138	13
41145	17
41152	20
41159	42
41166	10
41173	16
41180	42
41187	24
4119	64
41194	7
41201	37
41208	79
41215	34
41222	341
41229	178
41236	85
41243	32
41250	96
41257	57
4126	5
41264	238
41271	902
41278	82
41285	43
41292	4
41299	49
41306	126
41313	14
41320	11
41327	99
4133	66
41334	58
41341	13
41348	326
41355	279
41362	1534
41369	37
41376	954
41383	238
41390	872
41397	68
4140	34
41404	160
41411	4
41418	22
41425	32
41432	32
41439	62
41446	23
41453	1744
41460	5
41467	6
4147	26
41474	94
41481	8
41488	3097
41495	52
415	168
41502	19
41509	60
41516	11
41523	175
41530	57
41537	64
4154	47
41544	6999
41551	442
41558	44
41565	2075
41572	97
41579	34
41593	6315
41600	29
41607	21
4161	289
41614	59
41621	2439
41628	92
41635	167
41642	950
41649	333
41656	17
41663	56
41670	98
41677	161
4168	665
41684	9
41691	20
41698	89
41705	13
41712	12
41719	286
41726	33
41733	15
41740	94
41747	97
4175	495
41754	63
41768	10
41775	56
41782	154
41789	258
41796	57
41803	391
41810	144
41817	104
4182	78
41824	12
41831	476
41838	6
41845	297
41852	38
41859	7
41866	166
41873	172
41880	65
41887	27
4189	123
41894	7
41901	36
41908	9
41915	303
41922	50
41929	155
41936	6
41943	54
41950	64289
41957	28
4196	74
41971	96
41978	83
41985	213
41992	4
41999	2467
42006	68
42013	1118
42020	7
42027	6
4203	24
42034	9
42041	6
42048	72
42055	5
42062	49
42069	31
42076	34
42083	94
42090	48
42097	567
4210	35633
42104	22
42111	180
42118	773
42125	47
42132	11
42139	3397
42146	12
42153	356
42160	87
42167	40
4217	643
42174	578
42181	181
42188	101
42195	131
422	22
42202	314
42209	18
42216	249
42223	14
42230	358
42237	23
4224	46
42244	14621
42251	23
42258	726
42265	76896
42272	13
42279	5
42286	33
42293	25
42300	1933
42307	2188
4231	36
42314	52
42321	11
42328	8
42335	5
42342	17332
42349	18
42356	15253
42363	64
42370	79
42377	9
4238	32
42384	747
42391	22
42398	272
42405	27
42412	60
42419	60
42426	43
42433	15
42440	243
42447	1209
4245	44
42454	226
42461	51
42468	40
42475	3386
42482	98
42489	26
42496	99
42503	172
42510	110
42517	101
4252	192
42524	6
42531	14
42538	236
42545	6
42552	7
42559	18
42566	27
42573	12
42580	405
42587	73
4259	20
42594	27
42601	40
42608	71
42615	1964
42622	58
42629	1424
42636	23
42643	35
42650	135
42657	7
4266	20
42664	388
42671	181
42678	366
42685	4
42692	13
42699	2648
42706	1257
42713	24
42720	7
42727	6
42734	10
42741	722
42748	15
42755	22
42762	178
42769	61
42776	18
42783	27
42790	27
42797	49
4280	31
42804	355
42811	494
42818	133
42825	66
42832	702
42839	6
42846	26
42853	159
42860	23
42867	293
4287	138
42874	39
42881	34
42888	851
42895	140
429	2471
42902	26
42909	10
42916	79
42923	7
42930	43
42937	4
4294	1869
42944	2393
42951	98
42958	1349
42965	8
42972	3633
42979	102
42986	115
42993	18
43000	144
43007	22
4301	59
43014	5453
43021	16
43028	32
43035	106
43042	20
43049	447
43056	269
43063	157
43070	791
43077	71
4308	58
43084	19
43091	40
43105	11
43112	478
43119	48
43126	37
43133	47
43140	129
43147	13
4315	8
43154	18161
43161	14
43168	37
43175	144
43182	3156
43189	8
43196	110
43203	6
43210	1364
43217	8
4322	56
43224	4
43231	118
43238	11
43245	54
43252	722
43259	309
43266	14
43273	13
43280	123
43287	34
4329	1014
43294	675
43301	115
43308	100
43322	40
43329	249
43336	118
43343	713
43350	34
43357	16
4336	8
43364	29
43371	2627
43378	477
43385	50
43392	855
43399	95
43406	2202
43413	337
43420	55
43427	219
4343	136
43434	74
43441	53
43448	8
43455	41
43462	5
43469	58
43476	238
43483	1195
43490	300
43497	16
4350	974
43504	11110
43511	71
43518	10
43525	71
43532	46
43539	11
43546	34
43553	13
43560	305
43567	36
4357	3498
43574	17
43581	42
43588	21
43595	14
436	4831
43602	10
43609	259
43616	778
43623	6
43630	4
43637	165
4364	13
43644	631
43651	59
43658	39
43665	11
43672	10
43679	46
43686	213
43693	4200
43700	28
43707	12
4371	18
43714	50
43721	1550
43728	164
43735	4344
43742	245
43749	2906
43756	296
43763	9
43770	106
43777	23
4378	18
43784	113
43791	9
43798	86
43805	50
43812	140
43819	105
43826	224
43840	27
43847	50
4385	5
43854	14
43861	269
43868	211
43875	8793
43882	16
43889	4077
43896	4
43903	954
43910	28
43917	35
4392	989
43924	119
43931	29
43938	56
43945	1354
43952	16
43959	13
43966	4
43973	639
43980	290
43987	313
4399	190
43994	38
44001	8
44008	9417
44015	9
44022	655
44029	85
44036	24
44043	50
44050	9
44057	32
4406	98
44064	28
44071	204
44078	5
44085	3769
44092	21
44099	780
44106	55
44113	127
44120	1066
44127	31
4413	6
44134	33
44141	6
44148	28
44155	8
44162	8
44169	136
44176	80
44183	15
44190	8
44197	11
44204	2160
44211	7
44218	55
44225	103
44232	109
44239	105
44246	165
44253	6
44260	49
44267	1221
4427	34
44274	62
44281	18
44288	313
44295	33
443	353
44302	26
44309	12
44316	52
44323	236
44330	5
44337	674
4434	54
44344	28
44351	14
44358	6
44365	10
44372	1701
44379	57
44386	210
44393	557
44400	21
44407	77
4441	19
44414	1122
44421	27
44428	11
44435	4
44442	62
44449	13597
44456	72
44463	29
44470	109
44477	217
4448	122
44484	83
44491	740
44498	11
44505	5
44512	171
44519	5
44526	17
44533	3613
44540	27
44547	114
4455	1872
44554	26
44561	293
44568	634
44575	564
44589	51
44596	937
44603	141
44610	19
44617	7
4462	4953
44624	1212
44631	206
44638	78
44645	20
44652	4
44659	18
44666	1374
44673	12
44680	122
44687	32
4469	223
44694	32
44701	55
44708	34
44715	6
44722	51
44729	59
44736	7
44743	9
44750	703
44757	101
4476	357
44764	11
44771	173
44778	6
44785	96
44792	296
44799	10260
44806	6
44813	596
44820	663
44827	83
4483	22
44834	275
44841	274
44848	462
44855	443
44862	201
44869	10
44876	22
44883	983
44890	30
44897	24
4490	14
44904	971
44911	812
44918	37
44925	763
44932	637
44939	95
44946	28
44953	1365
44967	17
4497	358
44974	8
44981	14
44988	411
44995	211
45002	4819
45009	1405
45016	45
45023	246
45030	76
45037	990
4504	16
45044	5
45051	4316
45058	35
45065	18
45072	85
45079	57
45086	31
45093	27
45100	368
45107	41
4511	88
45114	16
45121	64
45128	1207
45135	398
45142	15
45149	2828
45156	250
45163	255
45170	5
45177	823
4518	1109
45184	26
45191	75
45198	91
45205	226
45212	52
45219	8
45226	23
45233	8
45240	84
45247	4
4525	50
45254	387
45261	22
45268	115
45275	102
45282	836
45289	14
45296	2006
45303	1142
45310	545
45317	8
4532	95
45324	6
45331	8
45338	24
45345	649
45352	10
45359	199
45366	159
45373	5
45387	53
4539	145
45394	560
45401	15
45408	44
45415	28
45422	44
45429	249
45436	72
45443	1318
45450	38
45457	5
4546	316
45464	392
45471	67
45478	645
45485	27
45492	379
45499	77
45506	149
45513	27
45520	62
45527	81
4553	13
45534	53
45541	2973
45548	259
45555	8
45562	269
45569	162
45576	84
45583	113
45590	97
45597	8
4560	106
45604	510
45611	11
45618	57
45625	12
45632	15
45639	421
45646	7696
45653	11
45660	131
4567	85
45674	812
45681	6155
45688	236
45695	7
457	661
45702	40
45709	159
45716	45
45723	1018
45730	7
45737	101
4574	358
45744	82
45751	53
45758	8
45765	377
45772	80
45779	66
45786	15
45793	777
45800	276
45807	528
4581	6
45814	23
45821	39
45828	34
45835	875
45842	2848
45849	105
45856	451
45863	268
45870	775
45877	203
4588	239
45884	314
45891	15
45898	12
45905	233
45912	17
45919	41
45926	110
45933	237
45940	11
45947	4
4595	4126
45954	1695
45961	1096
45968	474
45975	7
45982	28
45989	243
45996	15
46	151
46003	289
46010	127
46017	59
4602	36
46024	261
46031	941
46045	2121
46052	303
46059	2160
46066	65
46073	4
46080	8
46087	1509
4609	36
46094	41
46101	43
46108	90
46115	35
46122	21
46129	1478
46136	10
46143	12
46150	172
46157	202
4616	50
46164	187
46171	52
46178	23
46185	14
46192	43
46199	55
46206	5708
46213	185
46220	6
46227	645
4623	100
46234	6
46241	7
46248	16
46255	45
46262	21
46269	5
46276	5
46283	68
46290	119
46297	19
4630	10
46304	553
46311	60
46318	10
46325	693
46332	271
46339	62
46346	5712
46353	12
46360	6
46367	8
4637	30
46374	24
46381	141
46388	566
46395	25
464	5
46402	1879
46409	221
46416	241
46423	9
46437	15
4644	70
46444	54
46451	14
46458	48
46465	76
46472	151
46479	465
46486	319
46493	12
46500	15
46507	107
4651	28
46514	175
46521	1648
46528	303
46535	209
46542	48
46549	8
46556	31
46570	35
46577	40
4658	3397
46584	12179
46591	222
46598	70
46605	527
46612	23
46619	10
46626	107
46633	5
46640	31
46647	79
4665	16
46654	15703
46661	37
46668	137
46675	6
46682	10
46689	38
46696	223
46703	1050
46710	29
46717	43
4672	4
46724	937
46731	14
46738	2439
46745	6
46752	29
46759	18
46766	57
46773	120
46780	113
46787	551
4679	82
46794	39
46801	6
46808	104
46815	201
46822	2726
46829	81
46836	23
46843	40
46850	37
46857	26
4686	57
46864	13
46878	33
46885	35
46892	37
46899	186
46906	38971
46913	1097
46920	24
46927	156
4693	37
46934	30
46941	3940
46955	588
46962	4025
46969	21431
46976	39
46983	4
46990	5691
46997	135
4700	548
47004	109
47011	881
47018	305
47025	853
47039	20
47046	9
47053	7
47060	118
47067	12
4707	10
47074	98
47081	28
47088	4
47095	13
471	138
47102	17
47109	5
47116	48
47123	289
47130	20
47137	52
4714	99
47144	34583
47151	14
47158	65
47165	5
47172	8
47179	159
47186	6
47193	615
47200	8
47207	65
4721	87
47214	41
47221	21
47228	100
47235	143
47242	1131
47249	395
47256	11
47263	59
47270	99
47277	17
4728	6
47284	1663
47291	109
47298	225
47305	414
47312	88
47319	6
47326	6
47333	1947
47340	16
47347	14
4735	137
47354	12
47361	226
47368	396
47375	12
47382	141
47389	5
47396	121
47403	1316
47410	8
47417	82
4742	9
47424	4
47431	11
47438	629
47445	15
47452	20
47459	152
47466	50
47473	24
47480	29
47487	19
4749	399
47494	20
47501	115
47508	12
47515	46
47522	43
47529	25
47536	45
47543	61
47550	77
47557	79
4756	979
47564	260
47571	19
47578	21
47585	969
47592	5
47599	305
47606	13
47613	270
47620	5
47627	124
4763	144
47641	40
47648	90
47655	21
47662	76
47669	13
47676	162
47683	1198
47697	207
4770	79
47704	40
47711	6
47718	65
47725	16
47732	68
47739	118
47746	7
47753	32
47760	55
47767	54
4777	35
47774	20
47781	92
47788	8291
47795	257
478	101
47802	129
47809	258
47816	42
47823	2199
47830	996
47837	6
4784	14
47844	44
47851	14
47858	42
47865	3035
47872	11
47879	5
47886	5
47893	2325
47900	4848
47907	126
4791	63
47914	5
47921	17
47928	26
47935	52
47942	12
47949	18
47956	10
47963	12
47970	102
47977	14928
4798	327
47984	22
47991	208
47998	20
48005	19
48012	35
48019	11
48026	381
48033	6
48040	39
48047	245
4805	8
48054	7
48061	49
48068	525
48075	417
48082	72
48089	60
48096	68
48103	221
48110	3012
48117	61
4812	3218
48124	14
48131	785
48138	36
48145	5
48152	198
48159	34
48166	74
48173	89
48180	61
48187	21
4819	43
48194	5
48201	8
48208	23
48215	129
48222	754
48229	1152
48243	20
48250	40
48257	48
4826	11
48264	43
48271	15
48278	552
48285	24
48292	72
48299	3429
48306	16
48313	410
48320	342
48327	31
4833	389
48334	9
48341	1170
48348	657
48355	16
48362	13
48369	18
48376	40
48383	826
48390	268
48397	105
4840	103
48404	139
48411	18
48418	7
48425	31
48432	13
48439	8
48446	17
48453	1421
48460	34
48467	45
4847	995
48474	91
48481	167
48488	31
48495	13
485	22
48502	19
48509	85
48516	73
48523	5129
48530	48
48537	137
4854	18
48544	67
48551	142
48565	285
48572	176
48579	44
48586	71
48593	149
48600	2553
48607	29
4861	6
48614	191
48621	28
48628	11165
48635	73
48642	3448
48649	13
48656	51
48663	26
48670	79
48677	29
4868	32
48684	98
48691	4
48705	2387
48712	17
48719	14
48726	6067
48733	1630
48740	13
48747	1753
4875	202
48754	136
48761	436
48768	16
48775	15055
48789	91
48796	6
48803	21
48810	157
48817	40
4882	8
48824	78
48831	52
48838	6
48845	1553
48852	61
48859	891
48866	223
48873	57
48880	12
48887	20
4889	2785
48894	1587
48901	16
48908	64
48915	26
48922	41
48929	19
48936	228
48943	4
48950	11
48957	2140
4896	345
48964	45
48971	24
48978	52
48985	13
48992	37
48999	9
49006	444
49013	66
49027	230
4903	20
49034	19
49041	8
49048	21
49055	11
49062	12
49069	16
49076	18
49083	419
49090	71
49097	15
4910	6
49104	16
49111	6162
49118	93
49125	27
49132	21
49139	3167
49153	15
49160	5
49167	24
4917	24
49174	1705
49181	76
49188	18
49195	48
492	20
49202	162
49209	62
49216	227
49223	4
49230	16
49237	75
4924	266
49244	6
49251	4
49258	80
49265	405
49272	159
49279	2842
49286	10
49293	33
49300	141
49307	40
4931	428
49314	13
49321	4
49328	747
49335	96
49342	21
49349	175
49356	73
49363	987
49370	14
49377	34
4938	1626
49384	68
49391	58
49398	96
49405	22
49412	232
49419	7
49426	166
49433	22
49440	482
49447	156
4945	5485
49454	40
49461	54
49468	25
49475	261
49482	4
49489	15
49496	1455
49503	76
49510	472
49517	3821
4952	1781
49524	428
49531	163
49538	9
49545	13
49552	71
49559	50
49566	445
49573	93
49580	6
49587	316
4959	7
49594	151
49601	12
49608	780
49615	1201
49622	590
49629	9
49636	8
49643	7
49650	9
49657	7
4966	2713
49664	188
49671	65
49678	377
49685	49
4973	91
4980	5
4987	594
499	24
4994	225
5001	82
5008	13
5015	2495
5022	1512
5029	54
5036	33
5043	52
5050	82
5057	8
506	38
5064	11
5071	17
5078	18
5085	1358
5092	37
5099	12
5106	46
5113	13
5120	5294
5127	531
513	207
5134	12430
5141	674
5148	97
5155	15
5162	165
5169	186
5176	251
5183	392
5190	43
5197	75
520	22
5204	13
5211	43
5218	148
5225	6
5232	21
5239	12
5246	27
5253	9
5260	5
5267	4
527	52
5274	31
5281	15
5288	78
5295	102
53	151
5302	107
5309	55
5316	48
5323	792
5330	72
5337	6543
534	14
5344	5
5351	525
5358	796
5365	17
5372	145
5379	64
5386	611
5393	1424
5400	16
5407	10
541	214
5414	9
5421	191
5428	4080
5435	103
5442	92
5449	6700
5456	11079
5463	806
5470	99
5477	364
548	98
5484	1039
5491	5581
5498	41
5505	109
5512	4
5519	8
5526	4
5533	48
5540	8
5547	3479
555	22
5554	29
5561	6
5568	44
5575	2285
5582	53
5589	555
5596	4
5603	2940
5610	27
5617	72
5624	261
5631	12
5638	10
5645	239
5652	8550
5659	166
5666	22
5673	55
5680	270
5687	52
569	14
5694	31
5701	9
5708	1219
5715	75
5722	13
5729	632
5736	32
5743	54
5750	5095
5757	1181
576	104
5764	3720
5771	640
5778	26
5785	47839
5792	182
5799	34
5806	92
5813	45
5820	61
5827	49
583	14
5834	119
5841	176
5848	71
5855	263
5862	35
5869	111
5876	87746
5883	2565
5890	24
5897	73
590	51
5904	30
5911	1275
5918	2498
5925	15
5932	128
5939	477
5953	10
5960	104
5967	88
597	44
5974	161
5981	44
5988	4
5995	182
60	51
6002	8
6009	65
6016	642
6023	407
6030	85
6037	10
604	110
6044	11
6051	14
6058	168
6065	81
6072	11
6079	11
6086	446
6093	33
6100	20
6107	281
611	2147
6114	70
6121	312
6128	5055
6135	908
6142	847
6149	17
6156	22
6163	11
6170	7
6177	1831
618	4
6184	30843
6191	52
6198	87
6205	82
6212	362
6219	21
6226	39
6233	55
6240	37
6247	24
625	831
6261	146
6268	221
6275	18
6282	66
6289	34
6296	118
6303	7
6310	290
6317	1996
632	49
6324	301
6331	57
6338	192
6345	13
6352	111
6359	392
6366	450
6373	26
6380	81
6387	176
639	9
6394	40
6401	40
6408	32
6415	8
6422	395
6429	28
6436	217
6443	11
6450	214
6457	323
646	41
6464	4
6471	35
6478	232
6485	51
6492	264
6499	46
6506	368
6513	20
6520	10
6527	81
653	175
6534	8
6541	2005
6548	11
6555	350
6562	32
6569	220
6576	1480
6583	769
6590	9
6597	17
660	14
6604	179
6611	14
6618	85
6625	12
6632	10
6639	22
6646	378
6653	9
6660	25
6667	122
667	51
6674	9
6695	48
67	41
6702	4
6709	11
6716	241
6723	71
6730	51
6737	14
674	56
6744	87
6758	1632
6765	1005
6772	460
6779	285
6793	458
6800	8
6807	4
681	4
6814	149
6821	9
6828	57
6835	445
6842	24
6849	689
6856	50
6863	199
6870	452
6877	29
688	10
6884	276
6891	1822
6898	57
6905	23
6912	224
6919	73
6926	94
6933	1678
6940	9
6947	51
695	682
6954	16
6961	10
6968	17
6975	2961
6982	268
6989	17
6996	29
7	30
7003	8
7010	4264
7017	93
702	194
7024	12
7031	41
7038	30
7052	20
7059	19
7073	6
7080	8
7087	67
709	29
7094	7
7101	34
7108	57
7115	38
7122	28
7129	19
7136	23
7143	12
7150	1011
7157	185
716	48
7164	183
7171	21
7178	41
7185	3621
7192	114
7199	49
7206	870
7213	177
7220	56
7227	101
723	706
7234	93
7241	1278
7248	4
7255	471
7262	85
7269	18
7276	8
7283	171
7290	11
7297	114
730	111
7304	1078
7311	36
7318	154
7325	2676
7332	272
7339	18
7346	257
7353	533
7360	207
7367	11
737	205
7374	5
7381	1203
7388	3783
7395	34
74	180
7402	4
7409	12
7416	107
7423	154
7430	154
7437	252
744	317
7444	27
7451	117
7458	80
7465	5
7472	101
7479	4
7486	5
7493	2186
7500	9450
7507	5
751	12
7514	16
7521	7011
7528	262
7535	19
7542	279
7549	58
7556	286
7563	588
7570	768
7577	115
758	464
7584	19
7591	72
7598	1146
7605	33
7612	49
7619	219
7633	72
7640	51
7647	1353
765	116
7654	7
7661	53
7668	43
7675	262
7682	198
7689	5
7696	11
7703	7
7710	5
7717	119
772	7
7724	6
7731	161
7738	331
7745	34
7752	6
7759	12
7766	31
7773	486
7780	283
7787	50
779	191
7794	120
7801	101
7808	1146
7815	580
7822	5
7829	77
7836	103
7843	7
7850	14
7857	15
786	18
7864	81
7871	9
7878	461
7885	14
7892	37
7899	53
7906	18
7913	212
7920	20
7927	9
793	42
7934	30
7941	8
7948	21509
7955	1329
7962	28
7969	10576
7976	565
7983	6
7990	72
7997	36
800	10
8004	185
8011	133
8018	197
8025	4865
8032	40
8039	38
8046	8
8053	1644
8060	20
8067	25
807	15
8074	119
8081	27
8088	962
8095	22
81	43
8102	23
8109	88
8116	144
8123	486
8130	4
8137	45
814	27
8144	33
8151	386
8158	129
8165	6
8172	39
8179	88
8186	1292
8193	29313
8200	231
8207	10
821	18
8214	933
8221	72
8228	835
8235	62
8242	749
8249	6
8256	69
8263	45
8270	15
8277	85020
828	139
8284	20
8291	51
8298	14
8305	61
8319	25
8326	223
8333	20
8340	25
8347	79
835	52
8354	5
8361	7
8368	303
8375	147
8382	1235
8389	5
8396	30
8403	90
8410	95
8417	16
842	20
8424	42044
8431	33
8438	62
8445	8
8452	155
8459	55
8466	4
8473	100
8480	605
8487	16
849	238
8494	96
8501	2446
8508	6
8515	227
8522	74
8529	585
8536	4204
8543	13
8550	6
8557	43
856	24
8564	24
8571	14399
8578	22
8585	35
8592	990
8599	26
8613	132
8620	310
8627	120
863	223
8641	36
8648	70
8655	11
8662	182
8669	19
8676	161
8683	43
8690	12
8697	237
870	17
8704	7
8711	14
8718	327
8725	402
8732	1234
8739	140
8746	165
8753	33
8760	8
8767	563
877	1172
8774	708
8781	502
8788	77
8795	26
88	18
8802	344
8809	1460
8816	35
8823	17
8830	114
8837	28
884	1002
8844	25
8851	258
8858	47
8865	342
8872	298
8879	22
8886	189
8893	21
8900	77
8907	43
891	21
8914	195
8921	7
8928	533
8935	132
8942	20
8949	14
8956	656
8963	162
8970	8
8977	61
898	158
8984	7
8991	7
8998	29
9005	4
9012	42
9019	153
9026	28
9033	91
9040	20
9047	4228
905	5
9054	38
9061	46
9068	1302
9075	1030
9082	13
9089	4
9096	110
9103	13
9110	6
9117	9
912	15
9124	7176
9131	24
9138	3300
9145	62
9152	19
9159	1222
9166	533
9173	86
9180	30
9187	255
919	38
9194	610
9201	133
9208	355
9215	76
9222	10
9229	131
9236	53
9243	593
9250	61
9257	12
926	281
9264	159
9271	28
9285	565
9292	2921
9299	217
9306	15
9313	20
9320	5
9327	6299
933	134
9334	37
9341	59
9348	141
9355	10
9362	234
9369	13
9376	141
9383	392
9390	5260
9397	746
940	885
9404	22
9411	3236
9418	102
9425	19
9432	128
9439	27
9446	29
9453	7
9460	19
9467	42
947	4
9474	350
9481	7
9488	39
9495	127
95	2787
9502	55
9509	15
9516	6
9523	82
9530	96
9537	292
954	8
9544	384
9551	1178
9558	2891
9565	36
9572	32
9579	18
9586	5
9593	355
9600	67
9607	29
961	475
9614	177
9621	492
9628	43
9635	105
9642	16
9649	195
9656	154
9663	397
9670	82
9677	40
968	238
9684	17
9691	9
9698	733
9705	9
9712	96
9719	21
9726	19
9733	6
9740	9
9747	68
975	220
9754	23
9761	30
9768	8
9775	5
9782	8
9789	13
9796	889
9803	240
9810	1655
9817	82
982	68
9824	93
9831	17
9838	419
9845	96
9852	573
9859	296
9866	469
9873	17
9880	4
9887	12
989	22
9894	586
9901	2356
9908	10
9915	6
9922	104
9929	4
9936	91
9943	58
9950	6
9957	97
996	168
9964	391
9971	9
9978	12
9985	68
9992	10
9999	7
