10006	2422
1001	40
10013	9
10020	41
10027	65
10034	168
10041	28
10048	112
10055	4
10062	40
10069	183
10076	44
1008	37
10083	44
10090	10
10097	48
10104	24
10111	515
10118	9
10125	2366
10132	18040
10139	4
10146	68
1015	70
10153	112
10160	13
10167	53
10174	71
10181	863
10188	6
10195	140
10202	65
10209	108
10216	8
1022	263
10223	5
10230	33
10237	50
10244	7
10251	448
10258	1946
10265	240
10272	21
10279	1071
10286	41
1029	5
10293	16
10300	325
10307	402
10314	1114
10321	968
10328	71
10335	840
10342	424
10349	93
10356	20
1036	68
10363	25
10370	11
10377	13
10384	103
10391	37
10398	26
104	100
10405	59
10412	6
10419	11
10426	21
1043	60
10433	137
10440	5
10447	613
10454	7
10461	10
10468	511
10475	232
10482	1146
10489	108
10496	5
1050	39
10503	4
10510	29
10517	363
10524	108
10531	14
10538	4
10545	689
10552	109
10559	45
10566	138
1057	1048
10573	303
10580	1549
10587	8
10594	6
10601	27
10608	29
10615	36
10622	19
10629	10
10636	6
1064	12
10643	30
10650	327
10664	163
10671	59
10678	44
10685	1954
10692	78
10699	970
10706	256
1071	243
10713	316
10720	14
10727	15
10734	672
10741	21
10748	15
10755	495
10762	257
10769	22
10776	295
1078	125
10783	58
10790	10
10797	42
10804	1116
10811	24
10818	22
10825	5
10832	6
10839	11
10846	9
1085	7
10853	189
10860	9
10867	409
10874	994
10881	31
10888	92
10895	5261
10902	739
10909	54
10916	273
1092	11
10923	23
10930	8
10937	82
10944	347
10951	37
10958	19
10965	68
10972	42
10979	18
10986	4
1099	1295
10993	146
11000	483
11007	188
11014	1253
11021	9
11028	7
11035	12
11042	31
11049	9
11056	4
1106	389
11063	341
11070	124
11077	48
11084	8
11091	399
11098	83
111	93
11105	40
11112	484
11119	4
1113	5
11133	5
11140	11431
11147	9
11154	848
11161	35
11168	495
11175	10
11182	23129
11189	14
11196	43
1120	307
11203	350
11210	423
11217	64
11224	620
11231	76
11238	53
11245	19
11252	130
11259	338
11266	4081
1127	10
11273	15
11280	46
11287	68
11294	25
11301	648
11308	679
11315	141
11322	77
11329	5
11336	85
1134	781
11350	195
11357	22
11364	153
11371	250
11378	7
11385	93
11392	194
11399	560
11406	11
1141	53
11413	4
11420	55
11427	209
11434	105
11441	234
11448	2492
11455	43
11462	853
11469	39
11476	30
1148	689
11483	22
11490	28
11497	985
11504	64
11511	131
11518	33
11525	11
11532	32
11539	4
11546	9
1155	43
11553	4
11560	133
11567	33
11574	1523
11581	108
11588	10
11595	20
11602	99
11609	171
11616	51
1162	19
11623	16
11630	4
11637	23
11644	275
11651	204
11658	7
11665	249
11672	203
11679	2226
11686	318
1169	255
11693	4
11700	67
11707	3052
11714	751
11721	10
11728	12
11735	7
11742	130
11749	73
11756	26
1176	881
11763	260
11770	96
11777	26220
11784	691
11791	422
11798	720
118	216
11805	73
11812	36
11819	1774
11826	1806
1183	408
11833	16
11840	23
11847	5
11854	6
11868	81
11875	26
11882	28
11889	572
11896	729
1190	250
11903	159
11910	7
11917	15
11924	6
11931	7
11938	14
11945	3170
11952	7
11959	562
11966	5
1197	738
11973	131
11980	957
11987	454
11994	20
12001	23
12008	358
12015	2368
12022	8
12029	847
12036	2607
1204	173
12043	6
12050	195
12057	262
12071	10
12078	3785
12085	15
12092	135
12099	8486
12106	44
1211	110
12113	1831
12127	339
12134	176
12141	7
12148	50
12155	105
12162	792
12169	224
12176	4
1218	17
12183	249
12190	9
12197	29
12204	2484
12211	607
12218	3026
12225	41
12232	2527
12239	37
12246	317
1225	25
12253	608
12260	1823
12267	7
12274	55
12281	60
12288	30
12295	9
12302	736
12309	27
12316	583
1232	184
12323	719
12330	40
12337	5
12344	20
12351	77
12358	295
12365	34
12379	50
12386	37
1239	13
12400	22
12407	5
12414	6
12421	26
12428	27
12435	13
12442	3563
12449	15
12456	12391
1246	85
12463	98
12470	5
12477	47
12484	37
12491	178
12498	19
125	28
12505	123
12512	17
12519	200
12526	23
1253	201
12533	36
12540	7
12547	81
12554	415
12561	32
12568	7
12575	359
12582	15
12589	265
12596	69
1260	7
12603	7
12610	13
12617	39
12624	628
12631	14
12638	1142
12645	18
12652	220
12659	610
12666	367
1267	150
12673	113
12680	34
12687	8
12694	73
12701	170
12708	45
12715	123
12722	16
12729	62
12736	111
1274	18
12743	1020
12750	15
12757	48
12764	204
12771	948
12778	47
12785	754
12792	459
12799	21
12806	75
1281	128
12813	905
12820	1518
12827	75
12834	311
12848	27
12855	50
12862	35
12869	9
12876	4
12883	28
12890	71
12897	202
12904	104
12911	984
12918	69
12925	74
12932	1834
12939	791
12946	10
1295	125
12953	907
12960	9
12967	47
12974	690
12981	28
12988	10
12995	120
13002	34
13009	99
13016	227
1302	12
13023	298
13030	235
13037	11
13044	132
13051	18
13058	240
13065	43
13072	33
13079	364
13086	61
1309	23
13093	1232
13100	15
13107	373
13114	197
13121	96
13128	728
13135	88
13142	21
13149	55
13156	10
1316	11
13163	125
13170	878
13177	15
13184	26
13191	27
13198	12123
132	100
13205	125
13212	4173
13219	1196
13226	16
1323	773
13233	45
13240	89
13247	26
13254	7
13261	231
13268	56
13275	26
13282	8
13289	144
13296	10
1330	930
13303	838
13310	1278
13317	5
13331	114
13338	1105
13345	10
13352	27
13359	4
13366	15
1337	976
13373	123
13380	13040
13394	107
13401	8
13408	16
13415	92
13422	5
13429	43
13436	5
1344	4
13443	23
13450	77
13457	1932
13464	17
13471	424
13478	84
13485	84
13492	63
13499	219
13506	129
1351	73
13513	16
13520	26
13527	72
13534	109
13541	2741
13548	1187
13555	15
13562	46
13569	26
13576	104
1358	203
13583	7
13590	68
13597	307
13604	9
13611	6
13618	96
13625	43
13632	18
13639	2492
13646	16439
1365	720
13653	34
13660	1966
13674	9
13681	89
13688	140
13695	72
13702	5608
13709	810
13716	492
1372	5
13723	13
13730	528
13737	17
13744	14
13751	331
13758	90
13765	510
13772	1447
13779	877
13786	34
1379	797
13793	65
13800	127
13807	2769
13814	171
13821	4
13828	379
13835	85
13842	102
13849	51
13856	20
1386	43
13863	6
13870	24950
13877	4054
13884	532
13891	133
13898	192
139	24
13905	42
13912	13
13919	45
13926	239
1393	643
13933	68
13940	12
13947	97
13954	192
13961	34
13968	278
13975	9
13982	82
13989	16
13996	782
1400	17
14003	11
14010	1675
14017	21
14024	60
14031	137
14038	31
14045	194
14052	8
14059	10
14066	60
1407	32
14073	290
14080	99
14087	420
14094	34
14101	55
14108	32
14115	92
14122	4
14129	8479
14136	278
1414	4
14143	576
14150	814
14157	202
14164	116
14171	38
14178	4
14185	28
14192	8
14199	975
14206	96
1421	17
14213	6
14220	38
14227	504
14234	7
14241	18
14248	109
14255	10
14262	31
14269	255
14276	16
1428	5
14283	450
14290	477
14297	20
14304	16
14311	177
14318	139
14325	301
14332	6046
14339	55
14346	222
1435	27
14353	93
14360	56
14367	4
14374	19
14381	2619
14388	5
14402	16
14409	315
14416	19
1442	12
14423	13
14430	26
14437	1562
14444	1695
14451	7
14458	58
14465	54
14472	8
14479	123
14486	1951
1449	384
14493	2516
14500	126
14507	18
14514	153
14521	67
14528	19
14535	24
14542	403
14549	13
14556	68
1456	76
14563	1078
14570	4
14577	309
14584	59
14591	8
14598	6
146	101
14605	87
14612	1294
14619	31
14626	95
1463	27992
14633	8377
14647	1754
14654	33
14661	39
14668	925
14675	131
14682	140
14689	475
14696	322
1470	6
14703	31
14710	13
14717	120
14724	37
14731	5
14738	18
14752	5
14759	163
14766	2894
1477	45
14773	96
14780	2419
14787	18
14794	39
14808	73
14815	161
14822	15
14829	18
14836	113
1484	5
14843	9
14850	436
14857	7
14864	204
14871	161
14878	252
14885	126
14892	110
14899	68
14906	19
1491	12
14913	358
14920	17
14927	1275
14934	7
14941	297
14948	47
14955	597
14962	533
14976	1123
1498	899
14983	29
14990	65
14997	20
15	4
15004	141
15011	1975
15018	7
15025	374
15032	5
15039	8
15046	37
1505	199
15053	181
15060	29
15067	11
15074	437
15081	1074
15088	189
15095	16
15102	182
15109	420
15116	41
15123	1366
15130	1515
15137	137
15144	42
15151	111
15158	34
15165	24
15172	38
15179	340
15186	259
1519	405
15193	17
15200	6704
15207	157
15214	41
15221	1669
15228	10
15235	326
15242	35
15249	54
15256	111
15263	372
15270	7
15277	14
15284	76
15291	4
15298	26
153	44
15305	69
15312	120
15319	133
15326	42
1533	33
15333	529
15340	25
15347	4
15354	240
15361	38
15368	73
15375	5
15382	21
15389	67
15396	393
1540	1686
15403	8
15410	373
15417	82
15424	10998
15431	30
15438	2634
15445	19
15452	266
15459	428
15466	158
1547	175
15473	104
15480	73
15487	597
15494	5
15501	6
15508	61
15515	39
15522	69
15529	96
15536	429
1554	37
15543	162
15550	62
15557	375
15564	19
15571	6
15578	115
15585	58
15592	4476
15599	2184
15606	85
15613	11053
15620	15
15627	10
15634	11
15641	62
15648	38
15655	1601
15662	185
15669	13
15676	8
1568	21
15683	1967
15690	6
15697	337
15704	185
15718	458
15725	9
15732	189
15739	609
15746	55
1575	99
15753	33
15760	226
15767	1207
15774	4
15788	19
15795	134
15802	402
15809	183
15816	239
1582	1204
15823	129
15830	135
15837	34
15844	88
15851	26
15858	36
15865	5
15872	13039
15879	76
15886	55
1589	25
15893	53
15900	84
15907	97
15914	85
15921	37
15928	63
15935	9
15942	20
15949	172
15956	98
1596	133
15963	7
15970	6
15977	6
15984	4716
15991	354
15998	88
160	3282
16005	6
16012	25
16019	674
16026	26
1603	166
16033	731
16040	67
16047	14
16054	5
16061	12
16068	112
16075	131
16082	319
16089	244
16096	365
1610	47
16103	183
16110	7
16117	35
16124	12
16131	1393
16138	243
16145	7890
16152	361
16159	322
16166	12
1617	10
16173	196
16180	164
16187	13
16194	224
16201	45
16208	5
16215	701
16222	8
16229	63
16236	167
1624	6
16243	8
16250	5
16257	69
16264	8
16271	40
16278	1474
16285	20
16292	49
16299	17
16306	15
1631	789
16313	42
16320	457
16327	257
16334	558
16341	359
16348	18
16355	77
16362	25
16369	28
16376	150
1638	56
16383	10
16390	22
16397	13
16404	43
16411	94
16418	11
16425	336
16432	526
16439	65
16446	262
1645	27
16453	5
16460	655
16467	95
16474	21
16481	5
16495	272
16502	63
16509	9
16516	92
1652	154
16523	255
16530	198
16537	51
16544	29
16551	129
16558	294
16565	101
16572	87
16579	37
16586	10
1659	18
16593	278
16600	73
16607	1001
16614	53
16621	28
16628	413
16642	381
16649	14
16656	30
16663	47
16670	139
16677	98
16684	18
16691	12
16698	69
167	13
16705	7
16712	263
16719	7
16726	865
1673	76
16733	18
16740	12
16747	1052
16754	397
16761	8
16768	3250
16775	19
16782	576
16789	440
16796	41
1680	55
16803	354
16810	6
16817	53
16824	1540
16831	91
16838	141
16845	9
16852	48
16859	224
16866	46
1687	13
16873	4
16880	14
16887	25
16894	40
16901	39
16908	1879
16915	54
16922	22
16929	16
16936	95
1694	418
16943	237
16950	22
16957	75
16964	8
16971	195
16978	543
16985	115
16992	41
16999	8
17006	27
1701	34
17020	123
17027	5885
17034	11
17041	159
17048	6
17055	11
17062	11
17069	64
17076	38
1708	19
17083	330
17090	9
17097	242
17104	462
17111	14
17118	56
17125	108
17132	5
17146	130
1715	13
17153	153
17160	1456
17167	318
17174	4
17181	446
17188	18
17195	42
17202	142
17209	507
17216	299
1722	53
17223	549
17230	34
17237	116
17244	47
17251	219
17258	277
17265	62
17272	340
17279	577
17286	303
1729	1762
17293	50
17300	225
17307	108
17314	32
17321	111
17328	694
17335	292
17342	80
17349	15
17356	178
1736	64
17363	167
17370	179
17377	43
17384	28
17391	22
17398	91
174	18
17405	22
17412	92
17419	4262
17426	600
1743	185
17433	145
17440	59
17447	11
17454	3341
17461	16816
17468	1584
17475	187
17482	194
17489	169
17496	4
1750	10
17503	14
17510	9
17517	21
17524	15
17531	29
17538	11
17545	998
17552	19
17559	562
17566	246
1757	1790
17573	206
17580	342
17587	12
17594	496
17601	774
17608	22
17615	3803
17622	2391
17629	16
17636	27
1764	5
17643	17
17650	993
17657	36
17664	153
17671	75
17678	1122
17685	10
17692	6
17699	487
17706	13692
1771	31
17713	126
17720	1168
17727	186
17734	483
17741	123
17748	10
17755	7
17762	35
17769	1268
17776	6
1778	29
17783	310
17790	36
17797	27
17804	584
17811	73
17818	28
17825	441
17832	54
17839	17
17846	21
1785	17
17853	71
17860	6
17867	1147
17874	1162
17881	14
17888	140
17895	7
17902	6763
17909	16
17916	168
1792	16
17923	347
17930	24
17937	5
17944	732
17951	309
17958	43
17965	42
17972	22
17979	684
17986	808
1799	35
17993	711
18000	210
18007	52
18014	17
18021	12
18028	31
18035	617
18042	16
18049	405
18056	11
1806	15
18063	11
18070	1914
18077	88
18084	8
18091	681
18098	5
181	287
18105	1800
18112	56
18119	350
18126	48
1813	19
18133	8
18140	1189
18147	18
18154	4
18161	114
18168	1010
18175	848
18182	9
18189	43
18196	304
1820	146
18203	4
18210	38
18217	35
18224	1812
18231	61
18238	37
18245	259
18252	4
18259	55
18266	95
1827	74
18273	6
18280	11
18287	25
18294	44
18301	208
18308	220
18315	67
18322	54
18329	54
18336	19
1834	109
18343	155
18350	14
18357	154
18364	252
18371	110
18378	62
18385	368
18392	18
18399	218
18406	57
1841	292
18413	1296
18420	11
18427	227
18434	6757
18441	15304
18448	59
18455	19
18462	63
18469	30
18476	34
1848	600
18483	62
18490	26
18497	25
18504	6
18511	24
18518	58
18525	9
18532	14
18539	316
18546	63
1855	64
18553	14
18560	7
18567	2146
18574	7
18581	573
18595	315
18602	15
18609	1842
18616	132
1862	937
18623	5
18630	10
18637	304
18644	434
18651	33
18658	163
18665	31
18672	99
18679	83
18686	67
1869	32
18693	64
18700	218
18707	22
18714	36
18721	4009
18728	7
18735	64
18742	91
18749	114
18756	40
1876	14
18763	12
18770	2074
18777	9
18784	13
18791	5
18798	282
188	225
18805	1095
18812	67
18819	97
18826	158
1883	959
18833	9
18840	935
18847	50
18854	70
18861	14
18868	93
18875	4
18882	78
18889	1089
18896	4
1890	4739
18903	214
18910	7
18917	351
18924	5
18931	39
18938	14
18945	33
18952	50
18959	17
18966	102
1897	310
18973	91
18980	485
18987	6742
18994	538
19001	5
19008	602
19015	20
19022	516
19029	120
19036	123
1904	26
19043	24
19050	144
19057	75165
19064	23
19071	27
19078	489
19085	22
19092	20
19099	8
19106	566
1911	138
19113	9
19120	7
19127	45
19134	683
19141	18
19148	20
19155	1488
19162	465
19169	149
19176	336
1918	81
19183	158
19190	536
19197	4
19204	2069
19211	13
19218	225
19225	6
19232	7
19239	404
19246	209
1925	561
19253	25
19260	267
19267	6
19274	94
19281	4
19288	11
19295	63
19302	28
19309	678
19316	47
1932	242
19323	111
19330	27
19337	117
19344	6
19351	251
19358	140
19365	35
19372	33
19379	13
19386	75
1939	1851
19393	372
19407	30
19414	6
19421	852
19428	14
19435	69
19442	19
19449	1007
19456	17
1946	68
19463	72
19470	74
19477	242
19484	276
19491	28
19498	8
195	32
19505	2530
19512	27
19519	2091
19526	44
1953	35
19533	12
19540	29
19547	42
19554	31
19561	24
19568	14
19575	845
19589	54
19596	52
1960	38
19603	12
19610	134
19617	23
19624	467
19631	23
19638	463
19645	151
19652	13
19659	482
19666	72
1967	13
19673	10
19680	8
19687	6
19694	7
19701	307
19708	5
19715	7
19722	7
19729	27
19736	848
1974	74
19743	4
19750	73
19757	11
19764	126
19771	7
19778	46
19785	8
19792	11
19799	52
19806	42
1981	576
19813	79
19820	5049
19827	41
19834	7
19841	8
19848	6
19855	26
19862	1397
19876	21
1988	50
19883	99
19890	17
19897	17
19904	2257
19911	58
19918	19
19932	294
19939	25
19946	138
1995	66
19953	1476
19960	61
19967	35
19974	55
19981	230
19988	6
19995	5
20009	436
20016	165
2002	2832
20023	193
20030	18
20037	46
20044	56
20051	17
20058	7
20065	16
20072	215
20079	14
20086	211
2009	205
20093	5
20100	12
20107	72
20114	42561
20121	93
20128	19
20135	9
20142	359
20149	124
20156	1416
2016	58
20163	281
20170	34
20177	9
20184	12
20191	707
20198	184
202	13
20205	10
20212	33
20219	4
20226	295
2023	19
20233	121
20240	183
20247	777
20254	20
20261	59
20268	120
20275	18
20282	1832
20289	65
20296	11
2030	45
20303	1074
20310	112
20317	40
20324	369
20331	7
20338	15
20345	10386
20352	69
20359	32
20366	9
2037	19
20373	12
20380	1852
20387	38
20401	23
20408	78
20415	4
20422	10
20429	21
20436	29
2044	43
20443	79
20450	7
20457	103
20464	5
20471	51
20478	657
20485	9
20492	62
20499	10
20506	13
2051	299
20513	30
20520	6183
20527	15
20534	160
20541	133
20548	78
20555	288
20562	12
20569	236
20576	6
2058	10
20583	6019
20590	2288
20597	283
20604	164
20611	14
20618	4
20625	7
20632	6720
20639	69
20646	17
2065	69
20653	106
20660	560
20667	99
20674	868
20681	7
20695	101
20709	195
20716	14
2072	27
20723	1023
20730	65
20737	19
20744	15
20751	105
20758	69
20765	126
20772	462
20779	368
20786	53
2079	457
20793	130
20800	53
20807	84
20814	202
20821	42
20828	890
20835	33
20842	26154
20849	12
20856	39
2086	18231
20863	47
20870	71
20877	644
20884	50
20891	186
20898	345
209	80
20905	46
20912	15
20919	5571
20926	36
2093	6
20933	25
20940	8438
20947	2592
20954	20
20961	58
20968	14
20975	92
20982	7
20989	232
20996	25
2100	12
21003	35
21010	2621
21017	8
21024	438
21031	24
21038	2821
21045	16
21052	8
21059	81
21066	330
2107	14
21073	74
21080	26
21087	17
21094	11
21101	23
21108	866
21115	1436
21122	80
21129	73
21136	31
2114	61
21143	182
21150	3056
21157	468
21164	31
21171	5
21178	4
21185	8
21192	97
21199	17
21206	388
2121	143
21213	59
21220	87
21227	1925
21234	23
21241	328
21248	167
21255	80
21262	13
21269	919
21276	23
2128	20
21283	48
21290	183
21297	48
21304	303
21311	58
21318	8
21325	97
21332	359
21339	5
21346	12
2135	558
21353	8
21360	186
21367	1278
21374	23
21381	12
21388	55
21395	37
21402	44
21409	9
21416	48
2142	57
21423	48
21430	5
21437	25
21444	6
21451	57
21465	281
21472	1419
21479	1677
21486	32
2149	34
21493	57
21500	496
21507	12
21514	34
21521	16
21528	10
21535	22
21542	227
21549	39
21556	8
2156	16
21563	61
21570	43
21577	196
21584	118
21591	615
21598	59
216	552
21605	14
21612	209
21619	90
21626	1078
2163	201
21633	81
21640	80
21647	84
21654	7
21661	383
21668	18
21675	114
21682	7
21689	344
21696	32
2170	284
21703	12
21710	130
21717	24
21724	2826
21731	7
21738	4
21745	10
21752	89
21759	128
21766	630
2177	25
21773	241
21780	202
21787	30
21794	97
21801	29
21808	50
21815	160
21822	486
21829	188
21836	14
2184	54
21843	5
21850	2186
21857	7
21864	5
21871	213
21878	57
21885	41
21892	12
21899	4
21906	225
2191	26
21913	10
21927	10424
21934	6
21941	4
21948	1091
21955	4202
21962	386
21969	5
21976	28
2198	148
21983	10
21997	391
22	43
22004	18
22011	17
22018	19
22025	7898
22032	21
22039	19
22046	1936
2205	1109
22053	732
22067	118
22074	39
22081	979
22088	44
22095	32
22102	17
22109	20
22116	10
2212	63
22123	1193
22130	18
22137	89
22144	782
22151	5934
22158	5
22165	33
22172	28
22179	106
22186	335
2219	52
22193	19
22200	5
22207	76
22214	41
22221	12
22228	1981
22235	129
22242	580
22249	328
22256	562
2226	19
22263	78
22270	433
22277	188
22284	23
22291	8
22298	4572
223	121
22305	12
22312	4701
22319	8
22326	715
2233	44
22333	62
22340	688
22347	51
22354	19
22361	46
22368	215
22375	224
22382	46
22389	59
22396	37
2240	1689
22403	26
22410	83
22417	366
22424	28
22431	267
22438	500
22445	52
22452	152
22459	17
22466	22
2247	106
22473	7
22480	14
22487	724
22494	58
22501	107
22508	234
22515	17
22522	113
22529	29
22536	12
2254	22
22543	12
22550	30
22557	126
22564	213
22571	450
22578	44
22585	176
22592	4
22599	274
22606	10
2261	30
22613	314
22620	3514
22627	1172
22634	80
22641	55
22648	15
22655	368
22662	152
22669	85
22676	63
2268	63
22683	353
22690	316
22697	6
22711	9
22718	223
22732	68
22739	944
22746	54
2275	1373
22753	46
22760	1249
22767	1408
22774	19
22781	34
22788	4306
22795	757
22802	5936
22809	520
22816	5
2282	187
22823	547
22830	36
22837	8
22844	110
22851	92
22858	32
22865	64
22872	207
22886	565
2289	54
22893	531
22900	650
22907	7
22914	13
22921	167
22928	93
22935	113426
22942	8
22949	4
22956	9
2296	7
22963	28384
22970	102
22977	14
22984	195
22991	12
22998	246
230	21
23005	995
23012	157
23019	8
23026	1584
2303	6
23033	8
23040	83
23047	2899
23054	1893
23061	29
23068	5
23075	313
23082	1939
23089	46
23096	4
2310	171
23103	426
23110	59
23117	538
23124	16
23131	14
23138	12
23145	40
23152	10
23159	44
23166	72
2317	49
23173	27
23180	603
23187	6
23194	358
23201	44
23208	77
23215	310
23222	15
23229	313
23236	8559
2324	7
23243	82
23250	172
23257	109
23264	54
23271	635
23278	14
23285	82
23292	117
23299	6
23306	39
2331	6
23313	1166
23320	80
23327	20
23334	887
23341	6796
23348	1569
23355	12
23362	1477
23369	359
23376	133
2338	326
23383	2179
23390	15
23397	69
23404	21
23411	28
23418	530
23425	91
23432	274
23439	96
23446	128
2345	23
23453	102
23460	140
23467	6
23474	68
23481	11
23488	76
23495	612
23502	16
23509	61
23516	9292
2352	17
23523	8
23530	11
23537	13354
23544	414
23551	32
23558	4
23565	874
23572	157
23579	7642
23586	1078
2359	220
23593	156
23600	85
23607	57
23614	87
23621	268
23628	45
23635	25
23642	20
23649	735
23656	28
2366	106
23663	27
23670	236
23677	7
23684	5
23691	90
23698	52
237	100
23705	63
23712	913
23719	2747
23726	870
2373	31
23733	50
23740	677
23747	78
23754	14
23761	591
23768	96
23775	11
23782	574
23789	233
23796	13
2380	1683
23803	1788
23810	78
23817	367
23824	140
23831	79
23838	26
23845	7
23852	217
23859	124
23866	209
2387	13
23873	108
23880	47
23887	94
23894	29
23901	16
23908	162
23915	1665
23922	140
23929	950
23936	42
2394	18
23943	142
23950	10
23957	578
23964	19
23978	9
23985	858
23992	10
23999	15
24006	5
2401	7
24013	63
24020	256
24027	12
24034	310
24041	670
24048	27
24055	26
24062	2982
24069	8
24076	9
2408	1541
24083	82
24090	4
24097	4847
24104	15
24111	15
24118	759
24125	2914
24132	55
24139	297
24146	9
2415	20
24153	101
24160	3268
24167	13
24174	72
24181	56
24188	47
24195	2017
24202	24
24209	77
24216	122
2422	241
24223	127
24230	14
24237	8
24244	5
24251	28
24258	7
24265	48
24272	8
24279	931
24286	57
2429	1150
24293	5
24300	9
24307	353
24314	6
24321	110
24328	67
24335	9
24342	69
24349	13
24356	83
2436	45
24363	2823
24370	10
24377	64
24384	26
24391	291
24398	177
244	41
24405	5
24412	23
24419	436
24426	5
2443	200
24433	14
24440	32
24447	411
24454	610
24461	12
24468	8
24475	232
24482	394
24489	31445
24496	124
2450	8992
24503	5
24510	19
24517	116
24524	228
24531	356
24538	68
24545	41
24552	796
24559	5
24566	52
2457	630
24573	189
24580	58
24587	29
24594	9
24601	20
24608	22
24615	698
24622	4996
24629	415
24636	7
2464	8
24643	754
24657	60
24664	320
24671	272
24678	54
24685	428
24692	61
24699	694
24706	854
2471	49
24713	850
24720	535
24727	354
24734	59
24741	42
24748	42
24755	11
24762	58
24769	51
24776	24
2478	48
24783	20
24790	6
24797	95
24804	134
24811	106
24818	188
24825	139
24832	235
24839	11
24846	711
2485	7
24853	19
24860	220
24867	183
24874	91
24881	270
24888	11
24895	14
24902	24
24909	144
24916	31
2492	38
24923	89
24930	28
24937	426
24944	67
24951	54
24958	42
24965	127
24972	7
24979	45
24986	80
2499	15
24993	442
25000	330
25007	12
25014	17
25021	94
25028	31
25035	195
25042	8
25049	21
25056	20
2506	27
25063	9
25070	79
25077	45
25084	567
25091	30
25098	5
251	24
25105	39
25112	43
25119	40
25126	331
2513	806
25133	6196
25140	13
25147	197
25154	434
25168	51
25175	8
25182	9
25189	28
25196	114
2520	82
25203	102
25210	142
25217	454
25224	4
25231	178
25238	19
25245	47
25252	137
25259	28
25266	885
2527	17
25273	215
25280	315
25287	9
25294	134
25301	569
25308	23
25315	37
25322	17
25329	207
25336	30
2534	53
25343	8
25350	204
25357	113
25364	27
25371	2886
25378	29
25385	113
25392	141
25399	21
25406	123
2541	291
25413	43
25420	22
25427	78
25434	25
25448	14
25455	129
25462	57
25469	612
25476	669
2548	5
25483	137
25490	141
25497	17
25504	707
25511	13
25518	427
25525	267
25532	8
25539	118
25546	445
2555	61
25553	97
25560	26
25567	209
25574	49
25581	560
25588	13996
25595	36
25602	210
25609	245
25616	19
2562	923
25623	3527
25630	4568
25637	324
25644	39
25651	117
25658	9
25665	25
25672	29
25679	269
25686	1994
2569	70
25693	201
25707	191
25714	27
25721	76
25728	16
25735	10
25742	93
25749	6
25756	26
2576	8
25763	259
25770	19
25777	47
25784	5
25791	24
25798	114
258	2033
25805	168
25812	8
25819	15
25826	212
2583	10
25833	24
25840	29
25847	16
25854	977
25861	1330
25868	26
25875	15
25882	130
25889	53
25896	933
2590	41
25903	548
25910	215
25917	69
25924	7
25931	17672
25938	433
25945	150
25952	3900
25959	41
25966	6
2597	1377
25973	11
25980	667
25987	210
25994	56
26001	31
26008	7
26015	48
26022	10
26029	413
26036	580
2604	1027
26043	40
26050	171
26057	6
26064	10
26071	181
26078	67
26085	22
26092	58
26099	16
26106	29
2611	7083
26113	401
26120	76
26134	319
26141	7
26148	618
26155	102
26162	56
26169	19
26176	46
2618	73
26183	152
26190	9
26197	30
26204	21
26211	131
26218	16
26225	7
26232	107
26246	651
2625	31
26253	20
26260	24
26267	13
26274	168
26281	46
26288	50
26295	7
26302	35
26309	1113
26316	148
2632	325
26323	105
26330	48
26337	44
26344	442
26351	3208
26358	22
26365	18
26372	825
26379	30
26386	195
2639	1698
26393	15
26400	39
26407	138
26414	6
26421	20
26428	189
26435	4
26442	93
26449	22
26456	624
2646	935
26470	44
26477	637
26484	21
26491	101
26498	4
265	7
26505	1906
26512	80
26519	51
26526	57
2653	74
26533	30
26540	955
26547	138
26554	181
26561	29
26568	152
26575	366
26582	14
26589	275
26596	122
2660	11
26603	14
26610	26
26617	30
26624	63
26631	17
26638	492
26645	32
26652	55
26659	96
26666	678
2667	92
26673	13
26680	22
26687	47
26694	17
26701	898
26708	5
26715	64
26722	6
26729	8
26736	706
2674	14
26743	170
26750	36
26757	43
26764	720
26771	160
26778	10
26785	163
26792	58
26799	113
26806	204
2681	8
26813	12
26820	20
26827	16
26834	235
26841	5
26848	1597
26855	45
26862	158
26869	84
26876	479
2688	16
26883	162
26890	31
26897	512
26904	258
26911	2143
26918	11
26925	296
26932	723
26939	856
26946	27
2695	23
26960	74
26967	6
26974	142
26981	1990
26988	26
26995	95
27002	44
27009	15
27016	81
2702	156
27023	282
27030	379
27037	418
27044	2898
27051	89
27058	6
27065	809
27072	125
27079	10
27086	69217
2709	10
27093	1564
27100	74
27107	16
27114	7
27121	5
27128	33
27135	5
27142	2298
27149	5
27156	38001
2716	6311
27163	558
27170	105
27177	619
27184	22
27191	402
27198	16
272	14
27205	33
27212	34
27219	38
27226	86
2723	23
27233	52
27240	1307
27247	4569
27254	95
27261	31
27268	85
27275	2472
27282	16
27289	325
27296	7
2730	39
27303	19
27310	26
27317	20
27324	58
27331	307
27338	7
27345	41
27352	52
27359	15
27366	93
27373	24
27380	137
27387	52
27394	9
27401	699
27408	12
27415	748
27422	28
27429	2289
27436	4
2744	37
27443	78
27450	78
27457	14
27464	1853
27471	2387
27478	148
27485	100
27492	9
27506	27
2751	41
27513	12
27520	8
27527	91
27534	27
27541	747
27548	10990
27555	1829
27562	50
27569	261
27576	431
2758	49
27583	5
27590	35
27597	16
27604	6
27618	111
27625	1437
27632	16
27639	1937
27646	198
2765	9
27653	31
27660	32
27667	46
27674	4
27681	1953
27688	84
27695	14577
27702	75
27709	32
27716	40
2772	502
27723	15
27730	10950
27737	2272
27744	10687
27751	463
27758	9
27765	7
27772	876
27779	4
27786	9
2779	178
27793	84
27800	41
27807	5
27814	24
27821	13
27828	64
27835	15
27842	18
27849	8
27856	5
2786	115
27863	6
27870	5
27877	199
27884	9
27891	170
27898	102
279	194
27905	24
27912	9
27919	6
27926	69
2793	39
27933	613
27940	9
27947	7
27954	227
27961	159
27968	439
27975	50
27982	50
27989	32
27996	100
2800	66
28003	34
28010	6
28017	79
28024	116
28031	1196
28038	882
28045	33
28052	332
28059	76
28066	820
2807	20
28073	202
28080	952
28087	15
28094	38
28101	52
28108	78
28115	11
28122	1146
28129	139
28136	43
2814	204
28143	19
28150	8
28157	2016
28164	23
28171	1637
28178	9
28185	49
28192	14
28199	39825
2821	134
28213	47
28220	146
28227	142
28234	364
28241	487
28248	893
28255	311
28262	67
28269	119
28276	34
2828	19
28283	12
28290	233
28297	7
28304	139
28311	364
28318	78
28325	306
28332	31
28339	133
28346	36
2835	128
28353	789
28360	262
28367	85
28374	25
28381	139
28388	8
28395	31
28402	23
28409	4
28416	19
2842	13
28423	40
28430	126
28437	1177
28444	14
28451	142
28458	2170
28465	19257
28472	322
28479	10
2849	14
28493	352
28500	30
28507	64
28514	76
28521	810
28528	226
28535	7112
28542	9
28549	27
28556	32
2856	111
28563	13
28570	813
28577	1905
28584	22
28591	19
28598	148
286	208
28605	72
28612	17
28619	22
28626	318
2863	78
28633	115
28640	7
28647	3268
28654	14
28661	4
28668	4
28675	137
28682	4324
28689	19
28696	185
2870	42
28703	483
28710	191
28724	5
28731	53
28738	301
28745	11684
28752	243
28759	37
28766	87
2877	14
28773	126
28780	52
28787	22
28794	30
28801	53
28808	140
28815	41
28822	6
28829	1398
28836	4981
2884	82
28843	11
28850	10
28857	4
28864	13
28871	254
28878	11
28885	217
28892	298
28899	105
28906	833
2891	10
28913	2131
28920	1183
28927	23
28934	15458
28941	386
28948	24
28955	62
28962	40
28969	33
28976	568
2898	36
28983	728
28990	2880
28997	193
29	218
29004	102
29011	122
29018	18
29025	220
29032	21
29039	5
29046	52
2905	312
29053	99
29060	37
29067	46
29074	50
29081	73
29088	949
29095	3805
29102	12
29109	12
29116	1033
2912	15
29123	9
29130	181
29137	99
29144	21
29151	30
29158	925
29165	107
29172	90
29179	18
29186	16
2919	28
29193	902
29200	8
29207	7
29214	97
29221	217
29228	547
29235	16
29242	106
29249	49
29256	1325
2926	17
29263	306
29270	4190
29277	550
29284	436
29291	58
29298	543
293	183
29305	36
29312	624
29319	105
29326	1295
2933	104
29333	214
29340	126
29347	10
29354	7
29361	15
29368	221
29375	6
29382	1906
29389	41
29396	8
2940	6
29403	145
29410	106
29417	10
29424	63
29431	6
29438	67
29445	13
29452	80
29459	9
29466	248
2947	27
29473	1210
29480	174
29487	40212
29494	55
29501	86
29508	129
29515	67
29529	1710
29536	30
2954	1804
29543	16
29550	5
29557	1629
29564	298
29571	34
29578	59
29585	7
29592	322
29599	922
29606	4
2961	336
29613	181
29620	38
29627	1159
29634	20
29641	15
29648	329
29655	25
29662	12709
29669	1149
29676	11
2968	68
29683	14
29690	102
29697	258
29704	26
29711	24
29718	55
29725	41
29732	363
29739	93
29746	55
2975	9
29753	23
29760	78
29767	370
29774	16
29781	143
29788	5
29795	25
29802	27
29809	4
29816	25
2982	914
29823	53
29830	310
29837	2076
29844	33
29851	254
29858	102
29865	455
29872	14
29879	402
29886	169
2989	10
29893	493
29900	273
29907	4
29914	5
29921	1801
29928	264
29935	680
29942	283
29949	22
29956	431
2996	1706
29963	25
29970	315
29977	9
29984	13
29991	20
29998	144
300	393
30005	79
30012	18
30019	64
30026	33
3003	31
30033	50
30040	43
30047	123
30054	36
30061	45
30075	17
30082	577
30089	224
30096	7
3010	31
30103	235
30110	69
30117	3103
30124	15
30131	8
30138	166
30145	36
30152	28
30159	97
30166	5
3017	11
30173	5
30180	14
30187	201
30194	286
30201	105
30208	25
30215	25
30222	457
30229	263
30236	11
3024	34
30243	5
30250	57
30257	1695
30264	8
30271	68
30278	611
30285	120
30292	186
30299	14
30306	18
3031	66
30313	5
30320	1234
30327	882
30334	295
30341	107
30348	130
30355	53
30362	41
30369	36
30376	81
3038	94
30383	173
30390	54
30397	71
30404	77
30411	693
30418	80
30425	531
30432	7
30439	141
30446	46
3045	261
30453	9
30460	11
30467	60
30474	12
30481	19
30488	27
30495	85
30502	109
30509	94
30516	116
3052	93
30523	14
30530	11
30544	50
30551	450
30558	863
30565	46
30572	51
30579	50
30586	61
3059	13
30593	323
30600	17
30607	304
30614	120
30621	83
30628	7
30635	2704
30642	5
30649	57
30656	59
3066	632
30663	42
30677	118
30684	7
30691	7
30698	35
307	251
30705	84
30712	22
30719	255
30726	607
3073	16
30733	10
30740	71
30747	19
30754	332
30761	14
30768	10
30775	8
30782	34
30789	50
30796	315
3080	29
30803	11
30810	9
30817	469
30824	389
30831	387
30838	4
30845	193
30852	38
30859	51
30866	39
3087	29
30873	166
30880	65
30887	28
30894	10
30901	644
30908	667
30915	10
30922	14
30929	7
30936	240
3094	562
30943	4
30950	428
30957	123
30964	58
30971	22
30978	279
30985	610
30992	178
30999	518
31006	62
3101	49
31020	1036
31027	205
31034	22
31041	1598
31048	46
31055	175
31062	16
31069	4
31076	652
3108	623
31083	43
31090	40
31097	11
31104	6
31111	14
31118	9
31125	68
31132	6
31139	328
31146	11
3115	293
31153	23
31160	189
31167	50
31174	92
31181	933
31188	504
31195	65
31202	6
31209	7
31216	162
3122	37
31223	7
31230	6
31237	23
31244	134
31251	49
31258	770
31265	143
31272	28
31279	301
31286	21
3129	36
31293	168
31300	6
31307	562
31314	41
31321	20
31328	594
31335	133
31342	4123
31349	23
31356	18
3136	10
31363	228
31370	13
31377	181
31384	419
31391	1263
31398	30
314	7
31405	52
31412	142
31419	9
31426	407
3143	669
31433	8073
31440	51
31447	52
31454	289
31461	1498
31468	14
31482	35
31496	17
3150	7
31503	7
31510	296
31517	289
31524	52
31531	160
31538	9
31545	30
31552	41
31559	86
31566	16
3157	82
31573	1847
31580	12
31587	27
31594	33
31601	147
31608	1035
31615	151
31622	79
31629	65
31636	197
3164	27
31643	74
31650	32
31657	658
31664	29
31671	27
31678	2629
31685	30
31692	357
31706	381
3171	15
31713	255
31720	9842
31727	4063
31734	121
31741	267
31748	335
31755	116
31762	152
31769	350
31776	18
3178	34
31783	12
31790	76
31797	20
31804	23
31818	307
31825	80
31832	23
31839	23
31846	971
3185	9
31853	1177
31860	406
31867	22
31874	22
31881	64
31888	751
31895	31
31902	5
31909	74
31916	22
3192	622
31923	32
31930	141
31937	16
31944	51
31951	349
31958	1702
31965	6
31972	127
31979	71
31986	53
3199	6
31993	30
32000	555
32007	55
32014	18
32028	64
32035	1809
32042	32
32049	5
32056	93
3206	5
32063	21
32070	23
32077	7
32084	22
32091	16
32098	18
321	22
32105	66
32112	322
32119	15
3213	828
32133	1257
32140	255
32147	5
32154	22
32161	39
32168	16
32175	886
32182	4
32189	172
32196	8
3220	35
32203	132
32210	28
32217	4
32224	552
32231	96
32238	436
32245	46
32252	8
32259	466
32266	5
3227	5
32273	18
32280	21
32287	20
32294	46
32301	76
32308	18
32315	473
32322	12
32329	364
32336	71
3234	5
32343	54
32350	24
32357	69
32364	38
32371	12
32378	13
32385	71
32392	26
32399	102
32406	72
3241	66
32413	232
32420	611
32427	32
32434	24
32441	380
32448	347
32455	7321
32462	9
32469	30
32476	234
3248	685
32483	45
32490	121
32497	505
32504	7
32511	452
32518	48
32525	241
32532	31
32539	307
32546	23
3255	139
32553	3956
32560	150
32574	16
32581	8
32588	610
32595	13
32602	117
32609	17
32616	203
3262	673
32623	30
32630	17
32637	408
32644	272
32651	232
32658	304
32665	4964
32672	20
32679	558
32686	54
3269	172
32693	9
32700	3158
32707	1199
32714	380
32728	6
32735	12
32742	253
32749	29
32756	68
3276	79
32763	4
32770	14
32777	63
32784	2300
32791	21
32798	38
328	7
32805	17
32812	112
32819	343
32826	279
3283	1483
32833	744
32840	18
32847	5
32854	1420
32861	223
32868	82
32875	104
32882	6
32889	15
32896	18
3290	368
32903	76
32910	7
32917	148
32924	70
32931	919
32938	162
32945	8
32952	272
32959	1772
32966	88
3297	65
32973	63
32980	432
32987	136
32994	48
33001	15
33008	28
33015	853
33022	97
33029	507
33036	22
3304	49
33043	8150
33050	612
33057	18
33064	21
33071	587
33078	22
33085	18
33092	20
33099	19
33106	942
3311	54
33113	572
33120	19400
33127	298
33134	84
33141	16
33148	129
33155	6
33162	78
33169	5
33176	644
3318	3976
33183	5
33190	35
33197	5
33204	136
33211	55
33218	15
33225	394
33232	3922
33239	29
33246	15
3325	33
33253	13
33260	14
33267	22
33274	309
33281	43
33288	221
33295	262
33302	12
33309	106
33316	2853
3332	278
33323	74
33330	163
33337	328
33344	100
33351	4809
33358	236
33365	9
33372	173
33379	452
33386	225
3339	5448
33393	7
33400	21
33407	3539
33414	14
33428	71
33435	4
33442	10
33449	30
33456	4
3346	4
33463	550
33470	16
33477	21
33484	35
33491	26
33498	15
335	193
33505	51
33512	34
33519	172
33526	19
3353	24
33533	6
33540	1845
33547	37
33554	218
33561	42
33568	1416
33575	2471
33582	7
33589	1886
33596	203
3360	20
33603	9
33610	9
33617	23
33624	309
33631	32
33638	35
33645	65
33652	16
33659	6
33666	49
3367	79
33673	237
33680	165
33687	144
33694	38
33701	410
33708	66
33715	11
33722	714
33729	284
33736	1347
3374	278
33743	40
33750	222
33757	323
33764	603
33771	114
33778	43
33785	143
33792	347
33799	74
33806	52
3381	652
33813	275
33820	6
33827	2942
33834	71
33841	14
33848	70
33855	779
33862	1084
33869	37
33876	31
3388	104
33883	10
33890	41
33897	872
33904	6
33911	2132
33918	64
33925	17
33932	6
33939	25
33946	69
3395	75
33953	1264
33960	8
33967	54
33974	45
33981	78
33988	106
33995	142
34002	516
34009	56
34016	21
34023	515
34030	4
34037	16
34044	1644
34051	14
34058	622
34065	1324
34072	47
34079	286
34086	98
3409	60
34093	10
34100	8
34107	62
34114	5
34121	190
34128	4567
34135	134
34142	8
34149	4
34156	127
3416	25
34163	1027
34170	10
34177	4
34184	15
34191	4
34198	6
342	121
34205	336
34212	15
34219	31
34226	12
3423	41
34233	153
34240	59
34247	298
34254	1830
34261	16
34268	92
34275	39
34282	1289
34289	283
34296	26
3430	48
34303	200
34310	1262
34317	16
34324	26
34338	4
34345	4
34359	21
34366	37
34373	35
34380	1885
34387	5
34394	447
34401	1880
34408	33
34415	128
34422	145
34429	5157
34436	5
3444	101
34443	18
34450	2334
34457	272
34464	20
34471	39
34478	6
34485	63
34492	551
34499	101
34506	17
3451	9
34513	142
34520	207
34527	26
34534	186
34541	83
34548	17
34555	42
34562	137
34569	13
34576	25
3458	356
34583	232
34590	4931
34597	27
34604	275
34611	8
34618	8
34625	389
34632	32
34639	17
34646	64
3465	204
34653	60
34660	1222
34667	75
34674	8
34681	7
34688	2336
34695	5
34702	680
34709	8
34716	155
3472	49
34723	48
34730	32
34737	100
34744	67
34751	12
34758	121
34765	125
34772	63
34779	34
34786	1278
3479	3202
34793	9
34800	12
34807	56
34814	41
34821	27
34828	45
34835	52
34842	50
34849	250
34856	7
3486	300
34863	50
34870	6
34877	7
34884	65
34891	34
34898	2150
349	149
34905	131
34912	109
34919	5
34926	24
3493	41
34933	20
34940	1515
34947	180
34954	75
34961	5
34968	662
34975	361
34982	78
34989	49
34996	63
3500	139
35003	1054
35010	23
35017	86
35024	37
35031	148
35038	390
35045	3350
35052	10
35059	34
35066	9
3507	40
35073	10
35080	12
35087	8
35094	221
35101	115
35108	19163
35115	11
35122	105
35129	10
35136	70
3514	85
35143	19
35150	356
35157	68
35164	238
35171	558
35178	13
35185	5
35192	28
35199	5481
35206	1423
3521	44
35213	2068
35220	15
35227	268
35234	1452
35241	17
35248	6
35255	16
35262	100
35269	2752
35276	184
3528	91
35283	7
35290	56
35297	168
35304	10
35311	106
35318	37
35325	8
35332	132
35339	197
35346	17
3535	158
35353	636
35360	555
35367	18
35374	14
35381	164
35388	27
35395	844
35409	6
35416	128
3542	5
35423	13
35430	1913
35437	17
35444	84
35451	381
35458	2448
35465	50
35472	35
35479	39
35486	164
3549	6
35493	123
35500	4
35507	2099
35514	20
35521	155
35528	29
35535	11029
35549	83
35556	147
3556	142
35563	149
35570	147
35577	595
35584	768
35591	456
35598	6
356	28
35605	20
35612	20
35619	868
35626	148
3563	66
35633	4657
35640	363
35647	27
35654	8
35661	49
35668	33
35675	25
35682	1353
35689	689
35696	373
3570	16
35703	23
35710	13
35717	7
35724	274
35731	1657
35738	290
35745	31
35752	5124
35759	67
35766	38
3577	189
35773	4
35780	13
35787	15
35794	34
35801	20
35808	11
35815	1301
35822	145
35829	126
35836	5
3584	368
35843	67
35850	210
35857	162
35864	208
35871	1701
35878	23
35885	8
35892	5
35899	390
35906	335
3591	101
35913	90
35920	6
35927	84
35934	35
35941	6
35948	4231
35955	44
35962	34
35969	60
35976	854
3598	100
35983	119
35990	42
35997	737
36	129
36004	178
36011	26591
36018	4
36025	119
36032	59
36039	744
36046	720
3605	278
36053	31
36060	188
36067	8
36074	146
36081	26
36088	41
36095	87
36102	53
36109	10
36116	157
3612	34
36123	81
36130	1212
36137	90
36144	2516
36151	6
36158	9
36165	1031
36172	27
36179	124
36186	3936
3619	525
36193	10
36200	66
36207	463
36214	1331
36221	134
36228	11
36235	32
36242	23
36249	18
36256	2980
3626	83
36263	161
36270	16
36277	23
36284	279
36291	270
36298	7
363	62
36305	1290
36312	9
36319	39
36326	713
3633	7
36333	749
36340	321
36347	23
36354	7
36361	839
36368	34
36375	673
36389	7292
36396	173
3640	120
36403	277
36410	191
36417	6
36424	130
36431	3970
36438	1275
36445	6
36452	21
36459	524
36466	27
3647	51
36473	20
36480	290
36487	146
36494	21
36501	14
36508	20
36515	27
36522	2972
36536	6
3654	131
36543	67
36550	13587
36557	777
36564	14
36571	30
36578	17
36585	9
36592	22
36599	95
36606	5358
3661	2677
36613	43
36620	169
36627	79
36634	72
36641	64
36648	101
36655	61
36662	128
36669	4
36676	1506
3668	5
36683	20
36690	236
36697	477
36704	7
36711	105
36718	12
36725	460
36732	23
36739	4
36746	2023
3675	315
36753	235
36760	13
36767	6
36774	10
36781	30
36788	69
36795	165
36802	333
36809	742
36816	50
3682	2987
36823	5
36830	516
36837	156
36844	93
36851	9
36858	59
36865	16377
36872	1350
36879	6
3689	1475
36893	14
36900	46
36907	12
36914	1068
36921	9
36928	65
36935	68
36942	21
36949	38
36956	5410
3696	3268
36963	9
36970	29
36977	19
36984	33
36991	12
370	4
37012	25
37019	974
37026	28
3703	129
37033	1647
37040	475
37047	1136
37054	43
37061	6
37068	415
37075	105
37082	82
37089	189
37096	2234
3710	56
37103	2339
37110	142
37117	8
37124	133
37131	2973
37138	25
37145	1528
37152	105
37159	38
37166	33
3717	2989
37173	1474
37180	28
37187	15
37194	253
37201	884
37208	1294
37215	4672
37222	11
37229	3145
37236	8
3724	227
37243	17
37250	4777
37257	2610
37264	79
37271	6
37278	43
37285	80
37292	99
37299	46
37306	109
3731	13
37313	6
37320	84
37327	8
37334	252
37341	23
37348	11
37355	1442
37362	10
37369	82
37376	288
3738	263
37383	17
37390	7
37397	26
37404	7
37411	160
37418	491
37425	61
37432	48
37439	46
37446	11
3745	16
37453	224
37460	1816
37467	97
37474	92
37481	52
37488	110
37495	6
37502	33
37509	798
37516	16
3752	104
37523	82
37530	22
37537	25
37544	16
37551	31
37558	22
37565	315
37572	4
37579	41
37586	408
3759	10
37593	4
37600	243
37607	25
37614	19
37621	14
37628	10
37635	160
37642	2632
37649	38
37656	290
3766	5
37663	103
37670	5
37677	69
37684	5
37691	1159
37698	83
377	288
37705	107
37712	23
37719	221
37726	29
3773	416
37733	1302
37740	14
37754	2598
37761	36
37768	135
37775	20
37782	99
37796	87
3780	94
37803	424
37810	86
37817	284
37824	253
37831	8
37838	338
37845	68
37852	128
37859	621
37866	817
3787	807
37873	72
37880	5
37887	4
37894	8
37901	14
37908	155
37915	217
37922	20
37929	317
37936	47
3794	7
37943	56
37950	88
37957	10
37964	33
37971	2286
37978	219
37985	61
37992	113
37999	765
38006	25
3801	706
38013	136
38020	14
38027	20
38034	10
38041	60
38048	58
38055	7
38062	10
38069	51
38076	103
3808	2327
38083	70
38090	489
38097	74
38104	11
38111	78
38118	698
38125	263
38132	16
38139	297
38146	132
3815	48
38153	125
38160	398
38167	472
38174	72
38181	7
38188	64
38195	7
38202	52
38209	43
38216	39
3822	1002
38223	750
38230	96
38237	46
38244	9
38251	111
38258	22
38265	8
38272	66
38279	394
38286	333
3829	718
38293	26721
38300	1640
38307	76
38314	25
38321	243
38328	12
38342	408
38349	403
38356	4
3836	672
38363	9
38370	131
38377	93
38384	457
38391	60
38398	9
384	5
38405	190
38412	77
38419	3921
38426	1103
3843	2417
38433	1310
38440	766
38447	338
38454	50
38461	76
38468	21
38475	292
38482	16
38489	40
38496	9
3850	20
38503	50
38510	1645
38517	5
38524	9
38531	1613
38538	19
38545	38
38559	49
38566	61
3857	12
38573	348
38580	193
38587	8
38594	4
38601	478
38608	1030
38615	214
38622	4422
38629	45
38636	278
3864	146
38643	116
38650	7836
38657	322
38664	812
38671	85
38678	13
38685	45
38692	33
38699	34
38706	130
3871	60
38713	5
38720	2334
38727	82
38734	1816
38741	69
38748	146
38755	457
38762	34
38769	24
38776	6
3878	15
38783	13
38790	10
38797	1984
38804	34
38811	9
38818	711
38825	12
38832	54
38839	36
38846	42
3885	695
38853	8
38867	39
38874	137
38881	1136
38888	247
38895	599
38902	155
38909	548
38916	50
3892	116
38923	6
38930	186
38937	68
38944	7082
38951	5
38958	45
38965	40
38972	52
38979	250
38986	5
3899	239
38993	375
39000	92
39007	7
39014	61
39021	447
39028	418
39035	1112
39042	28
39049	20
39056	6
3906	26
39063	52
39070	26
39077	49
39084	18
39091	12
391	91
39105	4
39112	158
39119	63
39126	130
3913	902
39133	20
39140	25
39147	219
39154	6
39161	231
39168	874
39175	7
39182	620
39189	15
39196	67
3920	9
39203	402
39210	86
39217	39
39224	716
39231	9
39238	538
39245	344
39252	69
39259	64
39266	110
3927	20
39273	17
39280	876
39287	87
39294	18
39301	1127
39308	141
39315	215
39322	3617
39329	112
39336	13
3934	46
39343	14
39350	333
39357	36
39364	14
39371	144
39378	340
39385	15
39392	25
39399	113
39406	43
3941	10
39413	33
39420	24
39427	3294
39434	116
39441	512
39448	2538
39455	32
39462	1440
39469	930
39476	65
3948	21
39483	30
39490	19
39497	33
39504	212
39511	14
39518	192
39525	14
39532	14
39539	270
39546	55
3955	68
39553	4
39560	4115
39567	15
39574	151
39581	8987
39588	22
39595	9
39602	270
39609	35
39616	14
3962	2356
39623	692
39630	18
39637	44
39644	51
39658	77
39672	14
39679	12
39686	7
3969	23
39693	2889
39700	77
39707	170
39714	21
39721	1574
39728	89
39735	318
39742	83
39749	76
3976	497
39763	6
39770	35
39777	23
39784	81
39791	89
39798	4
398	17
39805	21
39812	19544
39819	5
39826	110
3983	27
39833	27
39840	28
39847	32
39854	9
39861	1425
39868	108
39875	18
39882	103
39889	530
39896	45
3990	7508
39903	15
39910	89
39917	15
39924	470
39931	26
39938	175
39945	884
39952	4
39959	113
39966	679
3997	31
39973	565
39980	228
39987	73
39994	74
4	329
40001	4596
40008	261
40015	20
40022	348
40029	4
40036	29
4004	144
40043	22
40050	34
40057	25
40064	775
40071	4
40078	3573
40085	69
40092	114
40099	6
40106	12
4011	266
40113	94
40120	3082
40127	80
40134	167
40141	1189
40148	31
40155	4
40162	173
40169	66
40176	18
4018	14
40183	257
40190	34
40197	4
40204	7
40211	75
40218	73
40225	34
40232	699
40239	109
40246	98
4025	15
40253	13
40260	31
40267	12
40281	302
40288	30
40295	134
40302	256
40309	31
40316	743
4032	32
40323	10
40330	516
40337	10
40344	125
40351	152
40358	71
40365	49
40372	34
40379	31
40386	2708
4039	700
40393	56
40400	26
40407	38
40414	16
40421	295
40428	5
40435	4
40442	30
40449	1046
40456	25
40463	67
40470	589
40477	23
40484	222
40491	44
40498	90
405	1272
40505	15
40512	30
40519	530
40526	4
4053	44
40533	30
40540	13
40547	4
40554	577
40561	11
40568	977
40575	7
40582	5
40589	472
40596	327
4060	49
40603	760
40610	16
40617	9
40624	35
40631	272
40638	86
40645	278
40659	764
40666	10
4067	72
40673	52
40680	44
40687	30
40694	11
40701	163
40708	2127
40715	79
40722	329
40736	28
4074	8
40743	21
40750	10
40757	30
40771	22
40778	371
40785	63
40792	13
40799	7
40806	20
4081	618
40813	21
40820	69
40827	9
40834	53
40841	18
40848	37
40855	32
40862	185
40869	12
40876	6
4088	109
40883	164
40890	17
40897	2056
40904	20
40911	53
40918	27
40925	1288
40932	9
40939	5403
40946	23
4095	10
40960	216
40967	60
40974	899
40981	11
40988	5
40995	15
41002	16
41009	740
4102	1129
41023	286
41030	250
41037	38
41044	21
41051	32
41058	757
41065	11223
41072	458
41079	261
41086	26
4109	33
41093	84
41100	26
41107	126
41114	60
41121	170
41135	423
41149	8366
41156	7
4116	155
41163	24
41170	123
41177	3886
41184	18
41191	12
41198	3828
412	9
41205	6
41212	944
41219	35
41226	79
4123	10
41233	32
41240	42
41247	180
41254	231
41261	47
41268	10
41275	13
41282	144
41289	388
41296	48
4130	409
41303	9
41310	89
41317	122
41324	4
41331	245
41338	1319
41345	242
41352	1611
41359	102
41366	126
4137	6132
41373	342
41380	18
41387	1850
41394	9
41401	12
41408	1732
41415	8
41422	8
41429	40
41436	83
4144	10
41443	20
41450	11
41457	52
41464	4
41471	17
41478	13
41485	246
41492	13
41499	40
41506	12
4151	28
41513	13
41520	435
41527	873
41534	920
41541	748
41548	15
41555	99
41562	89
41569	332
41576	62
4158	37
41583	188
41590	127
41597	1361
41604	4
41611	44
41618	2984
41625	1225
41632	40
41639	24
41646	32
4165	72
41653	102
41660	33
41667	8
41674	1934
41681	7
41688	66
41695	77
41702	81
41709	815
41716	1798
4172	47
41723	5
41730	118
41737	26
41744	8
41751	1096
41758	23
41765	144
41772	22
41779	510
41786	19
4179	14
41793	3202
41807	10
41814	14
41821	41
41828	159
41835	35
41842	3314
41849	12
41856	7
4186	252
41863	348
41870	447
41877	47
41884	6
41891	15
41898	73
419	214
41912	614
41919	4
41926	7
4193	2662
41933	18
41940	10
41947	131
41954	78
41961	31
41968	189
41975	52
41982	57
41989	4
41996	16
4200	5
42003	81
42010	188
42017	7
42024	156
42038	16
42045	12
42052	347
42059	500
42066	26
4207	199
42073	311
42080	22
42087	4
42094	8
42101	31
42108	8
42115	48
42122	299
42129	271
42136	183
4214	411
42143	5
42150	6
42157	79
42164	36
42171	59
42178	7
42185	95
42192	17
42199	7
4221	90
42213	74
42220	235
42227	41
42234	443
42241	1060
42248	510
42255	443
42262	13
42269	696
42276	6
4228	16
42283	32
42290	98
42297	465
42304	10
42311	18
42318	969
42325	120
42332	25
42339	4
42346	56
4235	496
42353	42
42360	2043
42367	133
42374	129
42381	4
42388	448
42395	112
42402	137
42409	114
42416	350
4242	99
42423	962
42430	48
42437	133
42444	154
42451	26
42458	476
42465	33
42472	93
42479	2435
42486	37
4249	179
42493	162
42500	4053
42507	827
42514	22
42521	38
42528	31
42535	884
42542	24
42549	32
42556	1269
4256	422
42563	295
42570	12
42577	135
42584	10
42591	37
42598	1248
426	61
42605	104
42612	513
42619	79
42626	70
4263	17
42633	4233
42640	15
42647	136
42654	171
42661	14
42668	76
42675	29
42689	16
42696	204
4270	4
42703	16
42710	2665
42717	8
42724	289
42731	4978
42738	51
42745	16
42752	18
42759	58
42766	64
4277	223
42773	19
42780	30
42787	105
42794	14
42801	54
42808	180
42815	23
42822	28
42829	239
42836	26
4284	94
42843	159
42850	54
42857	166
42864	161
42871	403
42878	63
42885	5
42892	54
42899	13
42906	14
4291	138
42913	1100
42920	135
42927	67
42934	11
42941	231
42948	286
42955	21
42962	22
42969	388
42976	507
4298	177
42983	5
42990	42
42997	64
43	221
43004	86
43011	76
43018	479
43025	6
43032	50
43039	14
43046	18
4305	784
43053	15
43060	121
43067	90
43074	150
43081	32
43095	5
43102	24
43109	13
43116	234
4312	469
43123	452
43130	50
43137	7
43151	92
43158	263
43165	2982
43172	9
43179	41
43186	9
4319	19
43193	98
43200	130
43207	246
43214	50
43221	2050
43228	7
43235	17
43242	42
43249	2199
43256	37
4326	76
43263	4338
43270	6
43277	105
43284	37
43291	4
43298	562
433	41
43305	19
43312	16
43319	303
43326	31
4333	15
43333	35
43340	242
43347	42
43354	91
43361	64
43368	140
43375	34
43382	4
43389	1193
43396	11
4340	7
43403	37
43417	18
43424	295
43431	19
43438	66
43445	974
43452	159
43459	1194
43466	9
4347	3637
43473	17
43480	42
43487	49
43494	11
43508	271
43515	13
43522	513
43529	48
43536	11
4354	699
43543	22
43550	78
43557	66
43564	138
43571	463
43578	10
43585	37
43592	7
43599	171
43606	13
4361	5
43613	15
43620	44
43627	14
43634	10
43641	357
43648	60
43655	36
43662	12123
43669	12
43676	142
4368	7
43683	39
43690	201
43697	383
43704	763
43711	51
43718	17
43732	187
43739	2373
43746	25
4375	22
43753	8
43760	1999
43767	147
43774	259
43781	178
43788	534
43795	19
43802	751
43809	32
43816	18
4382	102
43823	5
43830	451
43837	9
43844	15
43851	8
43858	3672
43865	197
43872	42
43879	192
43886	1375
4389	11
43893	144
43900	53
43907	51
43914	22
43921	29
43928	2963
43935	18
43942	438
43949	13
43956	73
4396	102
43963	113
43970	10
43977	111
43984	15
43991	10
43998	109
440	4
44005	6
44012	161
44019	269
44026	6
4403	6
44033	163
44040	7
44047	420
44054	155
44061	179
44068	197
44075	3403
44082	241
44089	564
44096	333
4410	2479
44103	1256
44110	4
44117	38
44124	181
44131	5
44138	185
44145	5
44152	764
44159	67
44166	321
44173	150
44180	20
44187	677
44194	16
44201	3876
44208	7
44215	43
44222	6
44229	2260
44236	10
4424	6
44250	8
44257	1236
44264	29
44271	103
44278	2245
44285	23
44292	6242
44299	522
44306	616
4431	48
44313	16
44320	8
44327	118
44334	479
44341	17
44355	19
44362	28
44369	76
44376	23
4438	10
44383	15
44390	152
44397	1942
44404	439
44411	18
44418	262
44425	21
44432	22
44439	422
44446	164
4445	785
44460	184
44467	25
44474	9
44481	18
44488	60
44502	24
44509	53
44516	27
4452	282
44523	115
44530	14
44537	5
44544	98
44551	7
44558	16
44565	12
44572	147
44579	313
44586	57
4459	11
44593	126
44600	26
44607	11
44614	701
44621	70
44628	11103
44635	701
44642	251
44649	17
44656	20
4466	36
44663	691
44670	1258
44677	23
44684	269
44691	24
44698	908
447	27
44705	45
44712	347
44719	77
44726	17
4473	528
44733	41
44740	188
44747	31
44754	34
44761	875
44768	16
44775	91
44782	39
44789	20
44796	29
4480	53
44803	14
44810	27
44817	182
44824	74
44831	16
44838	106
44845	679
44852	9
44859	172
44866	227
4487	2789
44873	783
44880	553
44887	293
44894	6
44901	89
44908	128
44915	9
44922	8
44929	485
44936	108
4494	10
44943	732
44950	259
44957	63
44964	188
44971	228
44978	11
44985	150
44992	132
44999	31
45006	213
4501	67
45013	6367
45020	6
45027	89
45034	127
45041	16
45048	21
45055	120
45062	14
45069	11
45076	834
4508	559
45083	1019
45090	18
45097	733
45104	9541
45111	9
45118	310
45125	518
45132	14
45139	100
45146	54
4515	167
45153	79
45160	42
45167	2276
45174	7
45181	24
45188	789
45195	362
45202	247
45209	77
45216	60
4522	109
45223	3633
45230	10
45237	13
45244	8
45251	217
45258	552
45265	142
45272	85
45279	1074
45286	25
4529	8
45293	27
45300	4
45307	11
45314	112
45321	711
45328	71
45335	278
45342	69
45349	51
45356	1193
4536	65
45363	89
45370	57
45377	11
45384	4
45391	24
45398	34
454	16
45405	93
45412	11
45419	111
45426	4
4543	95
45433	54
45440	107
45447	3104
45454	116
45461	115
45468	168
45475	125
45482	9
45489	169
45496	54
4550	22
45510	33
45517	75
45524	197
45531	1811
45538	50
45552	176
45559	19
45566	1774
4557	814
45573	186
45580	495
45587	57
45594	594
45601	15
45608	2541
45615	2190
45622	3683
45629	37
45636	1153
4564	909
45643	115
45650	467
45657	174
45664	3047
45671	499
45678	20
45685	315
45692	718
45699	49
45706	6
4571	5
45713	15
45720	18
45727	31
45734	18
45741	1586
45748	758
45755	48
45762	710
45769	495
45776	73
4578	31
45783	56
45790	42
45797	20
45804	133
45811	6
45818	5
45825	140
45832	1238
45839	14
45846	27
4585	41
45853	34
45860	500
45867	173
45874	25
45881	36
45888	13
45902	13
45909	30
45916	1106
4592	128
45923	76
45930	1340
45937	733
45944	223
45951	958
45958	67
45965	5280
45972	21
45979	102
45986	4
4599	7
45993	5
46000	25
46007	31
46014	13
46021	28
46028	8
46035	77
46042	162
46049	6438
46056	832
4606	557
46063	112
46070	48
46077	86
46084	26
46091	14
46098	7
461	7
46105	327
46112	29
46119	7
46126	216
4613	5
46133	70
46140	36
46147	1681
46154	5
46161	47
46168	134
46175	5928
46182	68
46189	1269
46196	6
4620	1078
46203	1628
46210	246
46217	127
46224	26
46231	18
46245	251
46252	822
46259	70
46266	1828
4627	20
46273	13
46280	459
46287	323
46294	3145
46301	21
46308	418
46315	127
46322	6
46329	46
46336	66
4634	301
46343	27
46350	180
46357	62
46364	355
46371	77
46378	662
46392	113
46399	78
46406	19
4641	56
46413	1311
46420	7
46427	63
46434	479
46441	32
46448	944
46455	171
46462	282
46469	26
46476	813
4648	45
46483	119
46490	234
46497	44
46504	10
46511	786
46518	20
46525	52
46532	17
46539	272
46546	29
4655	10
46553	110
46560	17
46567	180
46574	84
46581	53
46595	1399
46602	30
46609	304
46616	11264
4662	151
46623	183
46630	535
46637	21
46644	7
46651	244
46658	7
46665	1414
46672	786
46679	6
46686	663
4669	48
46693	29
46700	409
46707	52
46714	25
46721	24
46728	15
46735	95
46742	116
46749	902
46756	14
4676	9
46763	50
46770	557
46777	224
46784	14
46791	22
46798	50
468	141
46805	196
46812	1942
46819	16
46826	15
4683	363
46833	11
46840	16
46847	2582
46854	6
46861	37
46868	893
46875	479
46882	52
46889	161
46896	15
4690	5
46903	91
46910	23
46917	39
46924	17
46931	2913
46938	180
46945	245
46952	31
46959	52
46966	17
4697	1722
46973	80
46980	19
46987	238
46994	19
47001	14
47008	3243
47015	127
47022	19
47029	6891
47036	73
4704	128
47043	46
47050	870
47057	23
47064	23
47078	111
47085	14
47099	736
47106	6
4711	220
47113	15
47120	217
47127	41
47134	52
47141	11585
47148	91
47155	524
47162	15
47169	550
47176	50
4718	24
47183	5
47190	8
47197	579
47204	43
47211	1051
47218	5
47225	726
47232	228
47239	24
47246	10
4725	5
47253	1037
47260	304
47267	33
47274	24
47281	36
47288	4
47295	35
47302	7
47309	248
47316	114
4732	32
47323	60
47330	81
47337	475
47344	20
47351	6
47358	10
47365	184
47372	82
47379	322
47386	10
4739	267
47393	55
47400	34
47407	4
47414	68
47421	11
47428	170
47435	479
47442	10
47449	181
47456	59
4746	70
47463	569
47470	114
47477	222
47484	13
47491	326
47498	386
475	6
47505	29
47512	401
47519	286
47526	5942
4753	1277
47533	115
47540	35
47547	2781
47554	47
47561	65
47568	32
47575	69
47582	87
47589	329
47596	400
4760	5
47603	5
47610	2181
47617	134
47624	119
47631	631
47638	10
47645	258
47652	3213
47659	32
47666	54
4767	4
47673	20
47687	233
47694	84
47701	45
47708	6
47715	7
47722	16
47729	57
47736	36
4774	29
47743	155
47750	12
47757	113
47764	11
47771	41
47778	64
47785	138
47792	7979
47799	26
47806	176
4781	5120
47813	233
47820	129
47827	93
47834	6
47841	92
47848	827
47855	7
47862	2152
47869	20
47876	65
4788	9
47883	118
47890	6285
47897	16
47904	154
47911	105
47918	233
47925	29
47932	15
47939	117
47946	1012
4795	489
47953	573
47960	129
47967	99
47974	16
47981	41
47988	123
47995	134
48002	248
48016	11
4802	242
48023	1674
48030	43
48037	70
48044	103
48051	10
48058	1300
48072	60
48079	922
48086	2678
4809	2648
48093	609
48100	16
48107	120
48114	78
48121	190
48128	199
48135	1775
48142	3279
48149	6
48156	24
4816	6
48163	529
48170	16
48177	31
48184	43
48191	31
48198	28
482	28
48205	16829
48212	9
48219	719
48226	2177
4823	101
48233	6
48240	56
48247	140
48254	20
48261	8
48268	12
48275	206
48282	44
48289	68
48296	272
4830	16
48303	17
48310	966
48317	88
48324	47
48331	14
48338	8
48345	8
48352	213
48359	50
48366	853
4837	178
48373	150
48380	33
48387	87
48394	41
48401	73
48408	132
48415	1860
48422	22
48429	48
48436	13
4844	1292
48443	154
48450	2158
48457	30
48464	986
48471	8
48478	56
48485	1108
48492	169
48499	5
48506	27
4851	33
48513	239
48520	557
48527	4354
48534	46
48541	33
48548	331
48555	381
48562	26
48569	9
48576	199
4858	56
48583	17
48590	68
48597	12
48604	41
48611	21
48618	51
48625	110
48632	134
48639	34
48646	68
4865	47
48653	11
48660	7
48667	964
48674	40
48681	331
48688	25
48695	595
48702	804
48716	693
4872	275
48723	413
48730	105
48737	288
48744	345
48751	21
48758	5
48765	406
48772	43
48779	932
48786	167
4879	1411
48793	11
48800	1162
48807	109
48814	31
48821	524
48828	9
48835	1562
48842	25
48849	24
48856	5
4886	41
48863	23
48870	384
48877	115
48884	71
48891	8
48898	460
489	30
48905	10
48912	7
48919	23
48926	222
4893	164
48933	1527
48940	485
48947	8
48954	22
48961	172
48968	4
48975	9
48982	8
48989	26
48996	17
4900	142
49003	5
49010	213
49017	25
49024	52
49031	143
49038	254
49045	24
49052	81
49059	6
49066	32
4907	145
49073	28
49080	4
49087	62
49094	6
49101	41
49108	12
49115	52
49122	52
49129	91
49136	9
4914	44
49143	73
49150	8
49157	839
49164	404
49171	242
49178	12
49185	775
49192	3060
49199	129
49206	4
4921	565
49213	26
49220	45
49227	624
49234	15
49241	1996
49248	1252
49262	25
49269	626
49276	118
4928	266
49283	140
49290	38
49297	4
49304	4
49311	9
49318	1389
49325	2736
49332	271
49339	78
49346	195
4935	34
49353	352
49360	36
49374	1807
49381	2049
49388	5
49395	255
49402	7
49409	104
49416	5022
4942	7860
49430	11
49437	122
49444	9
49451	1082
49458	71
49465	33
49472	5
49479	34
49486	20
4949	23
49493	16
49500	33
49507	220
49514	49
49521	417
49528	33
49535	30
49549	134
49556	31
4956	152
49563	47
49570	581
49577	77
49584	5
49591	49
49598	328
496	37
49605	5873
49612	119
49619	9
49626	113
4963	47
49633	435
49640	976
49647	299
49654	11
49661	13
49668	378
49675	75
49682	108
4970	133
4977	596
4984	97
4991	49
4998	38
50	287
5005	87
5012	20
5019	101
5026	10
503	68
5033	94
5040	24
5047	2691
5054	151
5061	106
5068	8135
5075	12
5082	278
5089	302
5096	4
510	8
5103	973
5110	347
5117	11
5124	261
5131	482
5138	77
5145	4
5152	10
5159	40
5166	81
517	622
5173	13
5180	125
5187	67
5194	13372
5201	184
5208	8
5215	27
5222	7
5229	44
5236	238
524	45
5243	17
5250	5751
5257	93
5264	87
5271	85
5278	30
5285	267
5292	4
5299	17
5306	318
531	120
5313	262
5320	5
5327	140
5334	972
5341	15
5348	7
5355	256
5362	76
5369	100
5376	6
538	4
5383	2804
5390	3656
5397	41
5404	428
5411	87
5418	35
5425	50
5432	83
5439	185
5446	13
545	26
5453	13
5460	7503
5467	468
5474	204
5481	42
5488	948
5495	46
5502	219
5509	24
5516	345
552	362
5523	33
5530	14
5537	675
5544	21
5551	28
5558	10
5565	57
5572	85
5579	63
5586	1906
559	28
5593	33
5600	80
5607	66
5614	11
5621	4626
5628	8
5635	18
5642	456
5649	1215
5656	33
566	107
5663	239
5670	752
5677	785
5684	2872
5691	129
5698	62
57	157
5705	37
5712	19
5719	40
5726	10
573	12
5733	10
5740	57
5747	270
5754	16
5768	16
5775	26
5782	12441
5789	16
5796	74
580	14
5803	364
5810	4
5817	183
5824	170
5831	48
5838	9
5845	318
5852	15
5859	785
5866	165
587	36
5873	13
5880	11
5887	6
5901	6
5908	38
5915	70
5922	2907
5929	31
594	817
5943	119
5950	29
5957	282
5964	51
5971	1048
5978	21
5985	1920
5992	36
5999	106
6006	201
601	79
6013	212
6020	1441
6027	31
6034	17
6041	16
6048	10
6055	58
6069	3918
6076	75
608	23
6083	23
6090	22
6097	11
6104	15267
6111	2108
6118	13
6125	66
6132	173
6139	904
6146	478
615	246
6153	54
6160	183
6167	28
6174	180
6181	33
6188	1913
6195	779
6202	65
6209	155
6216	246
622	91
6223	35
6230	164
6237	5
6244	1169
6251	54
6258	314
6265	780
6272	8
6279	47
6286	2295
629	54
6293	5
6300	2577
6307	122
6314	15
6321	12
6328	1216
6335	68
6342	292
6349	54
6356	94
636	29
6363	42
6370	18
6377	1249
6384	430
6391	171
6398	59
64	20
6405	87
6412	26
6419	45
6426	5
643	49
6433	68
6440	17
6447	176
6454	133
6461	8
6468	115
6475	1319
6482	497
6489	8329
6496	10
650	114
6503	140
6510	910
6517	95
6524	14
6531	60
6538	18
6545	7
6552	1228
6566	14
657	10
6573	64
6580	7
6587	843
6594	39
6601	49
6608	10
6615	6558
6622	7
6629	97
6636	453
664	182
6643	14
6650	20
6657	6
6664	1289
6678	41
6685	11
6692	1577
6699	89
6706	5
671	600
6713	21
6720	52
6727	75
6734	920
6741	12
6748	896
6755	5
6762	5
6769	111
6776	6
678	28
6783	5
6790	186
6797	16
6804	6
6811	49
6818	204
6825	1171
6832	5
6839	222
6846	3076
685	148
6860	1794
6867	1707
6874	114
6881	122
6888	48
6895	27
6902	978
6909	18
6916	27
692	90
6923	14
6930	24
6937	27
6944	76
6951	29
6958	73
6965	24
6972	1518
6979	150
6986	148
699	214
6993	11
7000	5
7007	40
7014	4244
7021	17629
7028	35
7035	1933
7042	333
7049	437
7056	13
706	12
7063	187
7070	197
7077	66
7084	389
7091	209
7098	23
71	37
7105	19
7112	27
7119	16
7126	212
713	34
7133	14
7140	90
7147	1164
7154	6
7161	6
7168	77
7175	12648
7182	5
7189	496
7196	11
720	9
7203	10
7210	29
7217	324
7224	40
7231	7
7238	100
7252	1163
7259	12
7266	88
727	86
7273	37
7280	325
7287	92
7294	478
7301	270
7308	2249
7315	384
7322	8
7329	26
7336	7
734	43
7343	313
7350	3518
7357	7
7364	602
7371	1795
7378	29
7385	52
7392	7
7399	27
7406	85
741	20
7413	2302
7420	31
7427	22
7434	68
7441	23
7448	6
7455	4
7462	20
7469	405
7476	13
748	39
7483	930
7490	24
7497	11
7504	35
7511	127
7518	224
7525	8
7532	60
7539	1370
7546	191
755	231
7553	34
7560	23
7567	641
7574	139
7581	144
7588	181
7595	46
7602	26
7609	24
7616	59
762	19
7623	14
7630	28
7637	5
7644	7625
7651	72
7658	552
7665	4
7672	99
7679	47
769	523
7693	3838
7700	88
7707	192
7714	116
7721	17
7728	416
7735	18
7749	176
7756	54
776	30
7763	16
7770	52
7777	136
7784	13
7791	11
7798	14
78	11
7805	84
7812	134
7819	138
7826	320
783	4
7833	4
7840	117
7847	82
7854	994
7861	169
7868	69
7875	14
7882	201
7896	326
790	3700
7903	84
7910	63
7917	11
7924	88
7931	62
7938	46
7945	8
7952	5730
7959	37
7966	59
797	13
7973	4
7980	221
7987	2242
7994	93
8001	65
8008	125
8015	55
8022	5112
8029	118
8036	10
804	9
8043	225
8050	69
8057	1017
8064	37
8071	262
8078	12
8085	26
8092	846
8099	10
8106	124
811	4
8113	31
8120	44
8127	142
8134	16
8141	71
8148	6
8155	26
8162	11
8169	856
8176	101
818	22
8183	7
8190	86
8197	1650
8204	4557
8211	7
8218	7
8225	78
8232	6
8239	6247
8246	254
825	6
8253	36
8260	602
8267	12
8274	908
8281	305
8288	15
8295	81
8302	38
8309	10663
8316	6
832	9
8323	17
8330	4
8337	7
8344	142
8351	273
8358	430
8365	13
8372	195
8379	604
8386	259
839	55
8393	217
8400	186
8407	17
8414	2196
8421	174
8428	206
8442	517
8449	129
8456	108
846	28
8463	28
8470	81
8477	62
8484	317
8491	83
8498	60
85	4
8505	170
8512	656
8519	642
8526	124
853	387
8533	7
8540	4
8547	49
8554	24
8561	134
8568	253
8575	2018
8582	48
8589	20
8596	549
860	22
8603	56
8610	8
8617	890
8624	6
8631	859
8638	4136
8645	196
8652	169
8659	157
8666	38
867	9
8673	7
8680	546
8687	12
8694	305
8701	7
8708	37
8715	28
8722	117
8729	17
8736	6065
874	240
8743	589
8750	11
8757	11
8764	118
8771	21
8778	6
8785	12
8792	405
8799	327
8806	64
881	2324
8813	40
8820	5
8827	124
8834	1372
8841	144
8848	423
8855	26
8862	30
8869	238
8876	86
888	170
8883	19
8890	13
8897	9
8904	54
8911	207
8918	53
8925	7
8932	10
8939	181
8946	33
895	3478
8953	3361
8960	57
8967	15
8974	47
8981	101
8988	3250
8995	78
9002	11
9009	667
9016	16
9023	10
9030	60
9037	46
9044	11
9051	750
9058	2770
9065	1944
9072	76
9079	291
9086	139
909	7
9093	15
9100	29
9107	310
9114	215
9121	284
9128	206
9135	88
9142	10
9149	27
9156	111
916	11
9163	350
9170	424
9177	1762
9184	14
9191	6
9198	15
92	5
9205	125
9212	218
9219	240
9226	54
923	12
9233	16
9247	17
9254	21
9261	463
9268	111
9275	102
9282	171
9289	4
9296	35
930	196
9303	41
9310	17
9317	49
9324	877
9331	67
9338	5
9345	21
9352	88
9359	358
9366	6763
937	391
9373	745
9380	35
9387	36187
9394	27
9401	304
9408	36
9415	67
9422	2286
9429	33
9436	1275
944	9
9443	6
9450	450
9457	33
9464	120
9471	468
9478	47
9485	19
9492	195
9499	315
9506	10
951	29
9513	498
9520	53
9527	5
9534	3505
9541	107
9548	31
9562	8
9576	48
958	68
9583	987
9590	106
9597	2072
9604	1605
9611	5
9618	1035
9625	6
9632	6
9639	488
9646	24
9653	33
9660	65
9667	9
9674	18
9681	1316
9688	6
9695	165
9702	30
9709	24
9716	74
972	1215
9723	5
9730	65
9737	132
9744	18
9751	54
9758	7
9765	4
9772	605
9779	2000
9786	1402
979	93
9793	17
9800	18
9807	970
9814	88
9821	10
9828	25
9835	121
9842	52
9849	475
986	16
9863	29
9870	60
9877	14
9884	64
9891	7
9898	6
99	646
9905	17
9912	154
9919	10
9926	22
993	15
9933	61
9940	38
9947	15
9961	14
9968	87
9975	18
9982	4
9989	223
9996	1083
