10	2572
10008	187
10015	24
10022	339
10029	140
1003	627
10036	2206
10043	30
10050	23
10057	65
10064	8
10071	12
10078	305
10085	35
10092	131
10099	8
1010	7
10106	5504
10113	6
10120	155
10127	18
10134	20
10141	73
10148	271
10155	32
10162	18
10169	4
1017	1697
10176	501
10183	11
10190	14
10197	179
10204	11
10211	6
10218	15
10232	145
10239	185
1024	57
10246	23826
10253	6
10267	22
10274	21
10281	32
10288	194
10295	7
10302	20
10309	271
1031	48
10316	42
10323	7
10330	101
10337	1561
10344	19
10351	1198
10358	489
10365	501
10372	98
10379	38
1038	33
10386	251
10393	54
10400	29
10407	705
10414	138
10421	793
10428	24
10435	55
10442	321
10449	5
1045	49
10456	4
10463	51
10470	10
10477	101
10484	16
10491	129
10498	996
10505	51
10519	238
1052	13
10526	23
10540	550
10547	182
10554	90
10561	85
10568	1011
10575	11
10582	8
10589	36
1059	51
10596	9
106	498
10603	7630
10610	6
10617	74
10624	9
10631	113
10638	9
10645	24
10652	34
10659	76
10666	413
10673	14973
10680	58
10687	8
10694	16
10708	6
10715	442
10722	230
10729	46
1073	644
10736	73
10743	218
10750	7
10757	70
10764	50
10771	240
10778	7
10785	10
10792	7
10799	97
1080	496
10813	84
10820	16
10827	626
10834	492
10841	234
10848	328
10855	43
10862	907
10869	424
1087	423
10876	81
10883	42
10890	580
10897	322
10904	616
10911	32
10918	88
10925	92
10932	136
10939	207
1094	957
10946	94
10953	15
10960	3324
10967	64
10974	208
10981	23
10988	7
10995	594
11002	73
11009	2798
1101	7
11016	4
11023	775
11030	1743
11037	20
11044	6
11051	7
11058	105
11065	35
11072	401
11079	61
1108	75
11086	7
11093	18
11100	875
11107	633
11114	25
11121	2384
11128	82
11135	195
11142	5
11149	320
1115	448
11156	10
11163	202
11170	7
11177	12
11184	11
11191	30
11198	1082
11205	5
11212	1249
11219	25
1122	149
11226	385
11233	2413
11240	15
11247	651
11261	70
11268	7
11275	11
11282	71
11289	73
1129	123
11296	7
113	106
11303	180
11310	98
11317	151
11324	60
11331	1016
11338	7
11345	419
11352	7069
11359	31
1136	79
11366	123
11373	10
11380	183
11387	121
11394	60
11401	14
11408	11872
11415	9
11422	13861
11429	16
1143	25
11436	13
11443	29
11450	9
11457	39
11464	29
11471	486
11478	11
11485	21
11492	1120
11499	1940
1150	35
11506	27
11513	1546
11520	40376
11527	7
11534	861
11541	54
11548	22
11555	263
11562	26
11569	4
1157	1031
11576	8566
11583	25
11590	27
11597	442
11604	10
11611	247
11618	9
11625	15
11632	22
11639	15
1164	15
11646	30
11653	6
11660	9
11667	21
11674	40
11681	13
11688	3971
11695	59
11702	5
11709	34
1171	13
11716	217
11723	14
11730	45
11737	3959
11744	510
11751	5
11758	923
11765	71
11772	13
11779	67
1178	11
11786	1094
11793	7
11800	399
11807	679
11814	44
11821	1311
11828	8
11835	31
11842	29
11849	277
1185	1401
11856	24
11863	48
11870	391
11877	11
11884	122
11891	1288
11898	12
11905	263
11912	110
11919	133
1192	51
11926	1436
11933	1788
11940	6
11947	40
11954	14
11961	662
11968	17
11982	72
11989	166
1199	1134
11996	224
120	14
12003	49
12010	122
12017	119
12024	13
12031	249
12038	8
12045	21
12052	26
1206	55
12066	12
12073	60
12080	316
12087	3235
12094	138
12101	27
12108	107
12115	662
12122	84
12129	370
1213	71
12136	66
12143	271
12150	11
12157	2102
12164	69
12171	5
12178	14
12185	6
12192	435
12199	10
12206	15638
12213	6
12220	101
12227	102
12234	20
12241	31
12248	23
12255	68
12262	6
12269	4
1227	59
12276	8137
12283	815
12290	2679
12297	9
12304	115
12311	7
12318	71
12325	312
12332	466
12339	928
1234	3465
12346	82
12353	7
12360	7
12367	10
12374	44
12381	1574
12388	29
12395	4778
12402	48
12409	9113
1241	499
12416	18
12430	9
12437	18
12444	8
12451	206
12458	20
12465	78
12472	4
12479	84
1248	30
12486	12
12493	315
12500	709
12507	21
12514	213
12521	81
12528	24
12535	96
12542	279
12549	201
1255	7
12556	104
12563	23
12570	6
12577	222
12584	34
12591	628
12598	29
12605	34
12612	28
12619	24
1262	5
12626	357
12633	16
12640	490
12647	31
12654	23
12661	14
12668	145
12675	17
12682	33
12689	102
1269	115
12696	4
127	449
12703	4057
12710	27
12717	74
12724	5
12731	39
12738	1512
12745	8030
12752	31
12759	21
1276	23
12766	134
12773	11
12780	10
12787	48
12794	79
12801	165
12808	34
12815	47
12822	288
12829	47
1283	29
12836	104
12843	15
12850	24
12857	537
12864	379
12871	133
12878	13
12885	133
12892	88
12899	2337
1290	9
12906	61
12913	29
12920	308
12927	257
12934	5
12941	2744
12948	10
12955	1881
12962	3663
12969	47
1297	13
12976	44
12983	30
12990	7
12997	70
13004	746
13011	81
13018	475
13025	209
13032	3751
13039	97
1304	15
13046	17
13053	17
13060	145
13067	31
13074	71
13081	17
13088	13
13095	6
13102	175
13109	105
1311	151
13116	566
13123	8
13130	235
13137	34
13151	5
13158	158
13165	65
13172	54
13179	228
1318	106
13186	38
13193	313
13200	13
13207	6
13214	181
13221	453
13228	9
13235	52
13242	341
13249	14289
1325	42
13256	140
13263	8662
13270	14
13277	385
13284	267
13291	350
13298	29
13305	63
13312	37
13319	234
1332	72
13326	133
13333	74
13340	150
13347	6
13354	11
13361	33
13368	233
13375	477
13382	84
13389	190
1339	7
13396	539
134	37
13403	33
13410	61
13417	507
13424	4488
13431	6877
13438	4
13445	6
13452	490
13459	48
1346	161
13466	19
13473	5
13480	99
13487	12
13494	104
13508	22
13515	132
13522	21
13529	22
1353	10
13536	3743
13543	13
13550	30
13557	38
13564	18
13571	7
13578	599
13585	7
13592	103
13599	44
1360	5139
13606	123
13613	23
13620	150
13627	1001
13634	545
13641	918
13648	38
13655	109
13662	113
13669	132
1367	38
13676	15
13683	7
13690	15
13697	88
13704	8
13711	4
13718	468
13725	36
13732	480
13739	13
1374	2174
13746	194
13753	20
13760	21
13767	313
13774	1072
13781	12
13788	5
13795	89
13802	6240
13809	10
1381	4
13816	22
13823	125
13830	219
13837	72
13844	80
13851	2117
13858	1894
13865	19
13872	139
13879	269
1388	21
13886	6
13893	279
13900	41
13907	38
13914	3842
13921	373
13928	27
13935	130
13942	37
13949	852
1395	72
13956	36
13963	11
13970	8
13977	316
13984	19745
13991	29
13998	484
14005	553
14012	20
14019	44
1402	2228
14026	70
14033	16
14040	9
14047	13
14054	15
14061	184
14068	79
14082	6
14089	552
1409	1088
14096	852
141	3639
14103	11
14110	53
14117	260
14124	336
14131	614
14138	7
14145	28
14152	27
14159	3517
1416	1347
14166	25
14173	160
14180	147
14187	169
14194	182
14201	12
14208	25
14215	7
14222	145
14229	31
1423	121
14236	13
14243	39
14250	5
14257	135
14264	5
14271	115
14278	126
14285	183
14292	18
14299	102
1430	27
14306	313
14313	44
14320	484
14327	11
14334	361
14341	22
14348	544
14355	2052
14369	10
1437	335
14376	1000
14383	44
14390	473
14397	11
14404	64
14411	6
14418	26
14425	13
14432	26
14439	142
1444	6
14446	886
14453	279
14460	8
14467	6953
14474	38
14481	96
14488	1569
14495	10
14502	1294
14509	89
1451	140
14516	26
14523	255
14530	4
14537	90
14544	30
14551	75
14558	20
14565	36
14572	26
14579	1073
1458	544
14586	85
14614	6
14621	142
14628	54
14635	9
14642	668
14649	51
1465	237
14656	413
14663	8
14670	50
14677	99
14684	57
14691	9
14698	84
14705	1892
14712	130
14719	449
1472	43
14726	1056
14740	350
14747	11
14754	81
14761	1543
14768	42
14775	13
14789	41
1479	8
14796	146
148	4903
14803	287
14810	6
14817	71
14824	27
14831	5
14838	33
14845	155
14852	8548
14859	32
1486	81
14866	6
14873	30
14880	50
14887	54
14894	24
14901	7821
14908	220
14915	22
14922	314
14929	739
1493	17
14936	28
14943	40
14950	13
14957	119
14971	1758
14978	75
14985	93
14992	29069
14999	6388
1500	68
15006	88
15013	47
15020	6
15027	6
15034	74
15041	168
15055	50
15062	26
15069	35
1507	16
15076	145
15083	216
15090	62
15097	2202
15104	4
15111	21
15118	21
15125	271
15132	310
15139	246
1514	1273
15146	448
15153	2403
15160	456
15167	32
15174	142
15181	150
15188	19
15195	12
15202	544
15209	167
1521	157
15216	32
15223	182
15230	15
15237	51
15244	15
15251	551
15258	503
15265	25
15272	8
15279	62
1528	7
15286	370
15293	133
15300	65
15314	180
15321	71
15328	327
15335	66
15342	77
15349	1596
1535	21
15356	65
15363	414
15370	205
15377	238
15384	144
15391	229
15398	690
15405	310
15412	945
15419	633
1542	623
15426	4
15433	222
15440	18
15447	5
15454	78
15461	5
15468	25
15475	14
15482	448
15489	51
1549	83
15496	14
155	59
15503	1211
15510	1053
15517	7
15524	9
15531	88
15538	5
15545	33
15552	92
15559	58
1556	697
15566	331
15573	10
15580	10
15587	129
15594	40
15601	216
15608	150
15615	135
15622	1518
15629	160
1563	115
15636	132
15643	53
15650	1329
15657	44
15664	2012
15671	43
15678	49
15685	288
15692	260
15699	62
1570	39
15706	23
15713	283
15720	187
15727	551
15734	78
15741	1073
15748	5
15755	20
15762	60
15769	72
1577	1922
15776	488
15783	161
15790	346
15797	5
15804	212
15811	15
15818	9
15825	21
15832	13
15839	143
1584	5
15846	256
15853	80
15860	2646
15867	53
15874	23
15881	13
15888	44
15895	994
15902	12822
15909	6
1591	18
15916	6
15923	2723
15930	10
15937	17401
15944	121
15951	217
15958	89
15965	24
15972	11
15979	261
1598	658
15993	65
16000	39
16007	28
16014	1269
16021	195
16028	6
16035	38
16042	523
16049	15
1605	108
16056	63
16063	35
16070	922
16077	8
16084	69
16091	187
16098	16
16105	5
16112	8
16119	50
1612	400
16126	133
16133	662
16140	10
16147	87
16154	2472
16161	6
16168	4593
16175	62
16182	569
16189	126
1619	6
16196	9
162	4919
16203	165
16210	58
16217	76
16224	110
16231	116
16238	14
16245	490
16252	45
16259	200
1626	5
16273	157
16280	33
16294	50
16301	172
16308	63
16315	16
16322	81
16329	33
1633	486
16336	11
16343	11
16350	1187
16357	55
16364	234
16371	24
16378	97
16385	77
16392	7
16399	180
1640	2433
16406	138
16413	42
16420	42
16427	207
16434	285
16441	195
16448	5
16455	27
16462	3027
16469	274
1647	23
16476	40
16483	77
16490	1507
16497	18
16504	5
16511	234
16518	1335
16525	4162
16532	72
16539	645
1654	44
16546	5
16553	315
16560	2313
16567	4
16574	142
16581	64
16588	18
16595	142
16602	10
16609	752
1661	483
16616	8131
16623	12
16630	190
16637	356
16644	264
16658	25
16665	370
16672	5
16679	155
1668	57
16686	28
16693	13
16700	95
16707	44
16714	2044
16721	130
16728	4
16735	56
16742	47
16749	65
1675	21
16756	122
16763	76
16770	7
16777	4
16784	35
16791	117
16798	275
16805	101
16812	5
16819	81
1682	108
16826	1780
16833	13
16840	1598
16847	324
16854	50
16861	29
16868	936
16875	446
16882	3806
16889	8
1689	2344
16896	2248
169	1877
16903	214
16910	49
16917	12
16924	69
16931	28
16938	186
16945	116
16952	6
16959	567
1696	71
16966	41
16973	3303
16980	10
16987	1321
16994	948
17	18
17001	31
17008	7117
17015	117
17022	479
17029	282
1703	32
17036	6
17043	40
17050	11
17057	10
17064	14
17071	12
17078	19
17085	75
17092	170
17099	18
1710	1712
17106	8
17120	13
17134	148
17141	10
17148	80
17155	889
17162	134
17169	55
1717	8
17176	63
17183	3727
17190	82
17197	110
17204	41
17211	8
17218	44
17225	280
17232	9
17239	25
1724	21
17246	52
17253	18
17260	236
17267	36
17274	26
17281	1396
17288	27
17295	258
17302	330
17309	252
1731	77
17316	10329
17323	191
17330	484
17337	7
17344	162
17351	37
17358	120
17365	67
17372	40
17379	13
1738	23
17386	15
17393	17
17400	2222
17407	242
17414	5
17421	416
17428	7
17435	328
17442	80
17449	622
1745	23
17456	5
17463	79
17470	10
17477	263
17484	2158
17491	45
17498	11
17505	421
17512	16
17519	10
1752	2423
17526	2885
17533	697
17540	100
17547	139
17554	16
17561	6
17568	4269
17575	4
17582	44
17589	9
1759	4
17596	648
176	181
17603	35
17610	20
17617	602
17624	91
17631	1477
17638	1975
17645	25
17652	8548
17659	41
1766	88
17666	560
17673	4
17680	98
17687	23
17694	198
17701	14
17708	1199
17715	346
17722	57
17729	27
1773	12
17736	25
17743	115
17750	66
17757	315
17764	24
17771	329
17778	41
17785	15
17792	8
17799	4
1780	39
17806	19
17813	53
17820	180
17827	14
17834	36
17841	5
17848	128
17855	23
17862	4994
17869	5
1787	1749
17876	140
17883	7
17890	316
17897	29
17911	15
17918	336
17925	26
17932	66
17939	123
1794	95
17946	529
17953	288
17960	60
17967	19
17974	361
17981	382
17988	1359
17995	13
18002	9
18009	129
1801	174
18016	21
18023	5474
18030	65
18037	1172
18044	21
18051	31
18058	14
18065	51
18072	783
18079	861
1808	275
18086	4
18093	45
18100	27
18107	8
18121	6
18128	673
18135	1067
18142	398
18149	47
1815	9
18156	109
18163	28
18170	69
18184	218
18191	13
18198	225
18205	974
18212	561
18219	244
1822	265
18226	142
18233	61
18240	36
18247	113
18254	133
18261	37
18268	9
18275	16
18282	7
18289	11
1829	10
18296	1061
183	7
18303	164
18310	10
18317	5
18324	7
18331	63
18338	100
18345	115
18352	5575
18359	1184
1836	21
18366	172
18373	198
18380	216
18387	235
18394	2743
18401	22
18408	77
18415	51
18422	21
18429	150
1843	88
18436	155
18443	384
18450	65
18457	25
18464	34
18471	3847
18478	12
18485	59
18499	548
1850	35
18513	7
18520	27
18527	24
18534	3588
18541	11
18548	19
18555	154
18562	35
18569	187
1857	7
18576	107
18583	2652
18590	14
18597	33
18604	69
18611	48
18618	4004
18625	2062
18632	359
18639	19
1864	39
18646	23
18653	362
18660	1217
18667	47
18674	17
18681	413
18688	89
18695	485
18702	183
18709	1048
1871	461
18716	216
18723	6
18730	21
18737	19
18744	73
18751	292
18758	28
18765	1470
18772	14
18779	247
1878	124
18786	127
18793	31
18800	158
18807	85
18814	1545
18821	115
18828	809
18835	11
18842	284
18849	2741
1885	18
18856	74
18863	42
18870	5
18877	206
18884	75
18891	3394
18898	29
18905	33
18912	13
18919	135
1892	13
18926	9813
18933	18
18940	76
18947	53
18954	84
18961	130
18968	39
18975	201
18982	49
18989	10
1899	7
18996	23
190	154
19003	6722
19010	26
19017	187
19024	105
19031	108
19038	15
19045	20
19052	15
19059	108
1906	80
19066	23
19073	169
19080	723
19087	1089
19094	145
19101	517
19108	49
19115	1359
19122	42
19129	70
1913	27
19136	104
19143	42
19150	8
19157	55
19164	104
19171	1774
19178	956
19185	138
19192	43
19199	137
1920	31
19206	70
19213	1490
19220	855
19227	15
19234	5
19241	34
19248	1295
19255	9
19262	10
19269	9
1927	8
19276	49
19283	367
19290	224
19297	25
19304	155
19311	2463
19318	175
19325	111
19332	4
19339	68
1934	498
19346	22
19353	74
19360	838
19367	71
19374	119
19381	8
19388	7
19395	159
19402	219
19409	42
1941	54
19416	51
19423	96
19430	10
19437	325
19444	15
19451	1107
19458	5
19465	10
19472	71
19479	55
1948	27
19486	60
19493	50
19500	26
19507	17
19514	555
19521	8
19528	32
19535	1242
19542	71
19549	82
1955	81
19556	56
19563	8
19570	444
19577	34
19584	1069
19591	209
19598	65
19605	323
19612	1265
19619	649
1962	211
19626	130
19633	91
19640	9
19647	188
19654	61
19661	16
19668	6
19675	39
19682	29
19689	25
1969	669
19696	10
197	15
19703	10
19710	31
19717	9
19724	138
19731	3136
19738	8
19745	37
19752	39
19759	479
1976	45
19766	1925
19773	216
19780	8
19787	144
19794	418
19801	439
19808	16
19815	23
19822	34
19829	23
1983	5
19836	1405
19843	104
19850	200
19857	164
19864	20
19871	1035
19878	334
19885	349
19892	23
19899	5
1990	16
19906	2585
19913	4
19920	33
19927	62
19934	987
19941	7
19948	983
19955	99
19962	12
19969	26
1997	28
19976	56
19983	4
19990	89
19997	71
20004	99
20011	609
20018	4
20025	39
20032	111
20039	1622
2004	131
20046	11
20053	120
20060	15
20067	208
20074	12
20081	1080
20088	14
20095	16
20102	4
20109	40
2011	79
20116	148
20123	248
20130	22
20137	321
20144	2110
20151	26
20158	511
20165	27
20172	8
20179	15
2018	9
20186	1740
20193	9
20200	182
20207	44
20214	33
20221	44
20228	24
20235	5
20242	23
20249	16
2025	6
20256	4
20263	13
20270	21
20277	177
20284	29
20291	86
20298	709
20305	299
20312	154
20319	774
2032	4
20326	12
20333	22
20340	42
20347	15
20354	5
20361	403
20368	56
20375	86
20382	1762
20389	20
2039	79
20396	287
204	4931
20403	5
20410	711
20417	52
20424	272
20431	2392
20438	4
20445	4
20452	41
20459	32
2046	29
20466	11
20473	27
20480	45
20487	22
20494	18
20508	25
20515	5
20522	14
20529	5
2053	244
20536	869
20550	13
20557	93
20564	1102
20571	107
20578	120
20585	27
20592	7
20599	52
2060	8
20606	24
20613	14
20620	80
20627	4
20634	329
20641	630
20648	44
20655	242
20662	21
20669	9
2067	3138
20676	344
20683	24
20690	16
20697	1937
20704	714
20711	1355
20718	8
20725	18
20732	11
20739	62
2074	21
20746	23
20753	18
20760	2147
20767	1795
20774	142
20781	106
20788	1477
20795	114
20802	780
20809	307
2081	1416
20816	21
20823	231
20830	13
20837	447
20844	270
20851	447
20858	13
20865	271
20872	9
20879	70
2088	298
20886	15
20893	7
20900	258
20907	16
20914	564
20921	21
20928	35
20935	299
20942	12
20949	24
2095	53
20956	34
20963	8
20970	12
20977	879
20984	27
20991	48
20998	177
21005	36
21012	157
21019	17038
2102	1170
21026	818
21033	20
21040	142
21047	246
21054	9
21061	13
21068	102
21075	53
21082	66
21089	243
2109	231
21096	1421
211	377
21103	97
21110	22
21117	141
21124	101
21131	2784
21138	19
21145	26
21152	17
21159	29
2116	598
21166	45
21173	6
21180	17
21187	305
21194	775
21201	132
21208	86
21215	8
21222	16
21229	36
2123	45
21236	5
21243	1204
21250	38
21257	24
21264	4
21278	2223
21285	31
21292	11451
21299	121
2130	1048
21306	5
21313	336
21320	20
21327	40
21334	2958
21341	23
21348	30
21355	54
21362	156
21369	11
2137	56
21376	15831
21383	5
21390	320
21397	204
21404	19
21411	24
21418	5
21425	190
21432	164
21439	16
2144	435
21446	23
21453	42
21460	102
21467	56
21474	5
21481	20
21488	20
21495	15
21502	25
21509	14
2151	1123
21516	149
21523	49
21530	128
21537	14
21544	571
21551	35
21558	10
21565	95
21572	4285
21579	28
2158	13
21586	282
21593	19
21600	68
21607	2266
21614	6994
21621	818
21628	105
21635	325
21642	97
21649	27
2165	13
21656	73
21663	187
21670	185
21677	33
21684	5
21691	44
21698	294
21705	53
21712	4
21719	12
2172	61
21726	17
21733	19
21740	8
21747	138
21754	374
21761	85
21768	14
21775	2194
21782	348
21789	27
2179	361
21796	13
218	12
21803	13
21810	1018
21817	67
21824	100
21831	21
21838	16
21845	56
21852	268
21859	15
2186	493
21866	16
21873	1492
21880	13
21887	8
21894	319
21901	31
21908	273
21915	30
21922	11
21929	457
21936	2798
21943	71
21950	38
21957	4
21964	39
21971	18
21978	77
21985	121
21992	37
21999	1452
2200	11
22006	674
22013	26
22020	17
22027	67
22034	2684
22041	199
22048	87
22055	4
22062	510
22069	1430
2207	7
22076	56
22083	32
22090	367
22097	27
22104	53
22111	81
22118	5
22125	55
22132	102
22139	134
2214	172
22146	6
22153	243
22160	51
22167	20
22174	98
22181	73
22188	45
22195	449
22202	11
22209	20
2221	82
22216	8
22223	101
22230	4
22237	170
22244	53
22251	28
22258	10
22265	9
22272	69
22279	17
2228	10584
22286	478
22293	238
22300	7
22307	1154
22314	45
22321	37
22328	2595
22335	13
22342	44
22349	30
2235	132
22356	100
22363	77
22370	48
22377	19
22384	557
22398	16
22405	53
22412	88
22419	490
2242	276
22426	13
22433	36
22440	11
22447	837
22454	603
22461	5
22468	113
22475	2766
22482	122
22489	361
2249	30
22496	44
225	6
22503	8
22510	11
22517	98
22524	645
22531	17
22538	17
22545	73
22552	30
22559	4446
2256	254
22566	26
22573	21
22580	69
22587	607
22594	2586
22601	5
22608	74
22615	45
22622	256
22629	16
2263	288
22636	13
22643	37
22650	87
22657	130
22664	15
22671	427
22678	80
22685	68
22692	27
22699	2902
2270	895
22706	23
22713	3115
22720	848
22727	108
22734	4
22741	112
22748	18
22755	98
22762	47
22769	20
2277	180
22776	4
22783	10
22790	488
22797	39
22804	5
22811	11
22818	4
22825	48915
22832	1304
22839	190
2284	25
22846	11
22853	130
22860	41
22867	199
22888	6784
22895	13
22902	17
22909	123
2291	15
22916	22
22923	363
22930	11
22944	157
22951	20
22958	80
22965	239
22972	41
22979	198
2298	2754
22986	57
22993	4034
23000	72
23007	26
23014	7
23021	101
23028	134
23035	24
23042	49
23049	289
2305	964
23056	52
23063	115
23070	435
23077	11
23084	6
23091	6
23098	95
23105	9
23112	13
23119	8
2312	145
23126	157
23133	66
23140	470
23147	392
23154	9
23161	277
23168	49
23175	184
23182	206
23189	17
2319	71
23196	64
232	69
23203	131
23210	106
23217	352
23224	55
23231	36
23238	25
23245	16
23252	306
23259	175
2326	8202
23266	69
23273	543
23280	54
23287	39
23294	63
23301	5
23308	186
23315	783
23322	5175
23329	647
2333	17
23336	64
23343	6
23350	4
23357	711
23364	5
23371	101
23378	27
23385	891
23392	34
23399	53
2340	53
23406	27
23413	583
23420	212
23427	1062
23434	20
23441	227
23448	13
23455	29
23462	25
23469	8
2347	6
23476	8
23483	126
23490	49
23497	16
23504	490
23511	118
23518	21
23525	40
23532	425
23539	61
2354	41
23546	13
23553	10
23560	334
23567	9
23574	83
23581	9
23588	110
23595	10
23602	206
23609	65
2361	5502
23616	179
23623	642
23630	3594
23637	458
23644	5022
23651	14
23658	25
23665	105
23672	360
23679	427
2368	400
23686	85
23693	397
23700	176
23707	18
23714	118
23721	6
23728	17
23735	31
23742	35
23749	88
2375	15
23756	90
23763	3425
23770	42
23777	397
23784	18
23791	86
23798	30
23805	1430
23812	44
23819	731
2382	386
23826	466
23833	30
23840	684
23847	76
23854	2246
23861	22
23868	84
23875	8
23882	5
23889	109
2389	126
23896	38
239	188
23903	86
23910	667
23917	249
23924	25
23931	344
23938	643
23945	159
23952	1224
23959	1434
2396	9
23966	41
23973	17
23980	78
23987	70
23994	10
24	13
24001	31
24008	24
24015	48
24022	58
24029	17
2403	13
24036	12
24043	301
24050	24
24057	15
24064	183
24071	8
24078	15
24085	8
24092	211
24099	507
2410	50
24113	33
24120	1390
24127	4
24134	6
24141	16
24148	9
24155	5
24162	74
24169	7
2417	4
24176	8
24183	29
24190	77
24197	764
24204	474
24211	148
24218	309
24225	11
24232	238
24239	1130
2424	11
24246	7
24253	4718
24260	122
24267	779
24274	41
24281	464
24288	1633
24295	216
24302	23
24309	10
2431	415
24316	110
24323	193
24330	10
24337	57
24344	8
24351	6
24358	48
24365	54
24372	1478
24379	75
2438	25
24386	395
24393	33
24400	323
24407	377
24414	47
24421	26
24428	4
24435	15
24442	314
24449	19
2445	7
24456	110
24463	10
24470	6
24477	35
24484	22
24491	23
24498	7
24505	5
24512	35
24519	52
2452	10462
24526	108
24533	141
24547	16
24554	16
24561	14313
24568	32
24575	329
24582	382
24589	66
2459	86
24596	48
246	826
24603	37
24610	115
24617	116
24624	17
24631	3812
24638	9
24645	163
24652	9
24659	10
2466	114
24666	13
24673	448
24680	973
24687	4
24694	34
24701	1135
24708	184
24715	18
24722	7
24729	4
2473	305
24736	6
24743	5
24750	575
24757	21
24764	2584
24771	80
24778	110
24785	122
24792	9
24799	18142
2480	5488
24806	17
24813	9
24820	4
24827	50
24834	2847
24841	10978
24848	221
24855	73
24862	47
2487	48
24876	158
24883	58
24890	1142
24897	26
24904	21
24911	25
24918	24
24925	2237
24932	22
24939	19
2494	54
24946	1056
24960	132
24967	140
24974	14
24981	294
24988	10
24995	180
25002	33
25009	5
2501	7
25016	24
25023	132
25030	117
25037	73
25044	9
25051	6
25058	11
25065	201
25072	4761
2508	49
25086	170
25093	4712
25100	108
25107	69
25114	8
25121	9
25128	42
25135	17
25142	113
25149	7
2515	142
25156	37
25163	14
25170	2279
25177	24
25184	6
25191	304
25198	45
25205	173
25212	35
25219	187
2522	255
25226	17
25233	18
25240	249
25247	352
25254	19
25261	14
25268	9
25275	35
2529	29
25296	62
253	53
25303	28
25310	46
25317	5
25324	63
25331	258
25338	97
25345	47
25352	115
25359	24
2536	2221
25366	4
25373	7
25380	230
25387	771
25394	4
25401	6
25408	665
25415	40
25422	560
25429	18
2543	359
25436	14
25443	1357
25450	237
25457	238
25464	557
25471	712
25478	194
25485	45
25492	80
25499	583
2550	76
25506	1511
25513	9938
25520	74
25527	1394
25534	13
25541	14
25548	49
25555	151
25562	876
25569	781
2557	22
25576	44
25583	85
25590	135
25597	11
25604	46
25611	14
25618	73
25625	104
25632	44
25639	13
2564	294
25646	7
25653	2546
25660	8
25667	35
25674	25
25681	236
25688	15
25695	389
25702	10
25709	19
2571	10
25716	6
25723	98
25730	50
25737	6
25744	47
25751	180
25758	320
25765	85
25772	10
25779	547
2578	82
25786	10
25793	105
25800	16
25807	123
25814	608
25821	770
25828	24
25835	38
25842	645
25849	453
2585	133
25856	4
25863	15
25870	13
25877	384
25884	271
25891	4
25898	290
25905	11
25912	15
25919	4053
2592	337
25926	658
25933	25
25940	13
25947	1054
25954	9
25961	11
25968	9
25975	34
25982	11
25989	34
2599	13
25996	4
260	23900
26003	26
26010	1105
26017	94
26024	16
26031	368
26038	383
26045	20
26052	254
26059	10
2606	6
26066	21
26073	66
26080	204
26087	5
26094	764
26101	50
26108	11
26115	576
26122	312
26129	48
2613	18
26136	36
26143	170
26150	66
26157	429
26164	35
26171	231
26178	114
26185	193
26192	23
26199	118
2620	17
26206	20
26213	13
26220	124
26227	484
26234	52
26241	67
26248	582
26255	168
26262	26
26269	17
2627	233
26276	9
26283	18906
26290	9
26297	11
26304	74
26311	7
26318	881
26325	50
26332	9
26339	115
2634	24
26346	4889
26353	113
26360	291
26367	551
26374	178
26381	241
26388	169
26395	761
26402	221
26409	90
2641	26
26416	103
26423	13
26430	36
26437	20
26444	500
26451	69
26458	117
26465	42
26472	319
26479	38
2648	47
26486	1288
26493	354
26500	60
26507	8
26514	24
26521	1660
26528	321
26535	18
26542	43
26549	9
2655	17
26556	9
26563	36
26570	9
26577	94
26584	15
26591	25
26598	11
26605	4
26612	170
26619	64
2662	7
26626	34
26633	495
26640	11
26647	31
26654	97
26661	291
26668	4943
26675	77
26682	15
26689	946
2669	226
26696	9
267	162
26703	36
26710	72
26717	2153
26724	6
26738	1781
26745	9
26752	22
26759	592
2676	33
26766	5
26773	16
26780	278
26787	5
26794	7
26801	113
26808	14
26815	6
26822	15
26829	12
2683	72
26836	294
26843	17
26850	20
26857	305
26864	28
26871	23
26878	217
26885	603
26892	12
26899	620
2690	6
26906	10
26913	8
26920	16
26927	99
26934	26
26941	28
26948	15
26955	237
26962	16
26969	27
2697	5
26976	189
26983	125
26990	77
26997	71
27004	27
27011	231
27018	53
27025	33
27032	7
27039	12
2704	150
27046	38
27053	43
27060	61
27067	66
27074	8
27081	63
27095	8
27102	1464
27116	282
27123	14
27130	7
27137	52
27144	82
27151	19
27158	47
27172	1174
27179	3648
2718	10
27186	154
27193	24
27200	23
27207	54
27214	20
27221	12
27228	41
27235	646
27242	411
27249	206
2725	24
27256	17
27277	1333
27284	812
27291	32
27298	14
27305	47
27312	22
27319	40
2732	5118
27326	176
27333	124
27340	19
27347	15
27354	84
27361	485
27368	15
27382	10
27389	16
2739	55
27396	56
274	2205
27403	77
27410	32
27417	8
27424	68
27431	23
27438	5
27445	33
27452	24
27459	12
2746	41
27466	134
27473	13
27487	5
27494	67
27501	10
27508	9
27515	23
27522	839
27529	21
2753	105
27536	49
27543	40
27550	43
27557	22
27564	103
27571	106
27578	117
27585	26
27592	689
27599	205
2760	38
27606	12
27613	62
27620	442
27627	353
27648	4
27655	667
27662	3684
27669	69
2767	21
27676	2415
27683	5740
27690	8839
27697	453
27704	4
27711	125
27718	4
27725	21
27732	10
27739	44
2774	66
27746	132
27753	55
27760	276
27767	318
27774	9
27781	158
27788	16
27802	33
27809	27
2781	1432
27816	108
27823	17
27830	182
27837	15
27844	14
27851	12
27858	54
27865	382
27872	442
27879	85
2788	8
27886	242
27893	95
27900	2437
27907	33
27914	33
27921	290
27928	148
27935	9
27942	8
27949	1196
2795	86
27956	37
27963	475
27970	31
27977	411
27984	448
27991	34
27998	27
28005	9
28012	336
28019	14
2802	13
28026	73
28033	9
28040	18
28047	8
28054	863
28061	162
28068	56
28075	78
28082	16
28089	24
2809	1374
28096	27
281	194
28103	116
28110	388
28117	34
28124	6
28131	26
28138	56
28145	149
28152	14
28159	35
2816	78
28173	14
28180	118
28187	10
28194	22
28201	37
28208	27
28215	556
28222	59
28229	9
2823	337
28236	34
28243	31
28250	308
28257	90
28264	194
28271	6
28278	7545
28285	716
28292	8
28299	3293
2830	524
28306	110
28313	86
28320	37
28327	4
28334	63
28341	4
28348	697
28355	72
28362	14
28369	251
2837	5
28376	148
28383	101
28390	416
28397	109
28404	80
28411	274
28418	16
28425	317
28432	1427
28439	844
2844	6
28446	49
28453	151
28460	10
28467	76
28474	4
28481	579
28488	19
28495	26
28502	6
28509	85
2851	5
28516	194
28523	246
28530	30
28537	768
28544	171
28551	35
28558	27
28565	16
28572	2771
28579	79
2858	53
28586	6
28593	3243
28600	186
28607	10
28614	72
28621	148
28628	612
28635	1150
28642	161
28649	31
2865	18
28656	1680
28670	889
28677	5
28684	16
28691	242
28698	1047
28705	5
28712	10
28719	26
2872	571
28726	17
28733	2408
28740	127
28747	6
28754	435
28761	246
28768	12
28775	13
28782	918
28789	84
2879	630
28796	106
288	296
28803	87
28810	12
28817	54
28824	1746
28831	40
28838	10
28845	41
28852	5
28859	538
2886	29
28866	87
28873	10
28880	31
28887	29
28894	11
28901	118
28908	17
28915	777
28922	245
28929	11
2893	129
28936	40
28943	29
28950	14
28957	58
28971	78
28978	12
28985	67449
28992	11
28999	2209
2900	52
29006	230
29013	587
29020	763
29027	984
29034	913
29041	73
29048	13
29055	123
29062	116
29069	57
2907	17
29076	230
29083	8
29090	46
29097	41
29104	509
29118	3650
29125	268
29132	4
29139	996
2914	48
29146	7
29153	1041
29160	65
29167	36
29174	13
29181	19
29188	9
29195	1952
29202	10
29209	49
2921	17
29223	5188
29230	68
29237	47
29244	1214
29251	418
29258	63
29265	1279
29272	143
29279	22
2928	72
29286	11
29293	4
29300	5
29307	10893
29314	69
29321	12
29328	2660
29335	14
29342	18
29349	12
2935	293
29356	89
29363	3109
29370	7517
29377	60
29384	5
29391	35
29398	3637
29405	2049
29412	28
29419	268
2942	10
29426	109
29433	69
29440	26
29447	20198
29454	509
29461	147
29468	5
29475	29
29482	105
29489	10
2949	223
29496	16
295	49
29503	2456
29510	33
29517	74
29524	10
29531	9
29538	12
29545	921
29552	71
29559	5
2956	115
29566	13
29573	19
29580	12
29587	9
29594	6739
29601	71
29608	69
29615	6337
29622	1082
29629	116
2963	39
29636	13
29643	9
29650	2481
29657	524
29664	525
29671	623
29678	25
29685	181
29692	22
29699	42
2970	37
29706	136
29720	28
29727	108
29734	1517
29748	271
29755	235
29762	31
29769	12
2977	694
29776	8
29783	160
29790	21
29797	76
29804	120
29811	48
29818	228
29825	81
29832	12
29839	9
2984	29
29846	247
29853	34
29860	44
29867	766
29874	732
29881	190
29888	8
29895	5
29902	46
29909	6
2991	50
29916	44
29923	184
29930	253
29937	124
29944	565
29951	5
29958	16
29965	424
29972	9
29979	6
2998	25
29986	26
29993	4895
30000	209
30007	790
30014	148
30021	4255
30028	248
30035	569
30042	77
30049	4
3005	8
30056	4
30063	236
30070	47
30077	18
30084	41
30091	306
30098	130
30105	48
30112	125
30119	133
3012	17
30126	28
30133	528
30140	35
30147	67
30154	303
30161	169
30175	220
30182	100
30189	19
3019	99
30196	181
302	10
30210	36
30217	76
30224	24
30231	4
30238	62
30245	482
30252	5109
30259	20
3026	6
30266	117
30273	65
30280	240
30287	990
30294	253
30301	7
30308	4
30315	263
30322	21
30329	40
3033	72
30336	1628
30350	9
30357	93
30364	14
30371	171
30378	12
30385	2808
30399	57
3040	922
30406	9458
30413	4
30420	1469
30427	352
30434	98
30441	243
30448	5
30455	15
30462	6
30469	48
3047	38
30476	19
30483	202
30490	138
30497	62
30504	53
30511	949
30518	220
30525	241
30532	589
30539	31
3054	7
30546	77
30553	548
30560	31
30567	355
30574	729
30581	144
30588	621
30595	67
30602	7
30609	14
3061	1056
30616	11
30623	934
30630	966
30637	7
30644	8
30651	163
30658	681
30665	42
30672	146
30679	9
3068	41
30686	47
30693	60
30700	1078
30707	1499
30714	19
30721	894
30728	19
30735	52
30742	289
30749	62
3075	344
30756	3309
30763	346
30770	11
30777	1273
30784	1301
30791	15
30798	21
30805	84
30812	174
30819	39
3082	36
30826	12
30833	22
30840	145
30847	4
30854	22
30861	12
30868	17
30875	125
30882	132
30889	62
3089	7
30896	12
309	30
30903	115
30910	591
30917	4
30924	62
30931	34
30938	24
30945	77
30952	20
30959	28
3096	52
30966	212
30973	69
30980	4
30987	43
30994	3427
31	96
31001	130
31008	35
31015	1963
31022	1062
31029	75
3103	5
31036	678
31043	279
31050	4
31064	26
31071	10
31078	155
31085	142
31092	124
31099	140
3110	22
31106	13
31113	382
31120	103
31127	2234
31134	944
31141	349
31148	330
31155	15
31162	179
31169	6
31176	9
31183	398
31190	187
31197	10
31204	18
31211	7
31218	284
31225	1448
31232	51
31239	93
3124	320
31253	168
31260	11
31267	258
31274	16
31281	96
31288	3916
31295	136
31302	196
31309	15
3131	11
31316	25
31323	63
31330	51
31337	354
31344	9
31351	16
31358	26
31365	185
31372	2230
31379	6
3138	19
31386	169
31393	7
31400	29
31407	6
31414	128
31421	13
31428	5
31435	85
31442	26
31449	134
3145	890
31456	8
31463	32
31477	2879
31484	12
31491	9
31498	43
31505	186
31519	189
3152	86
31526	453
31533	1371
31540	7
31547	52
31554	11
31561	16
31568	13
31575	461
31582	34
31589	1345
3159	5
31596	1381
316	35
31603	17
31610	1314
31617	95
31624	21
31631	32
31638	54
31645	103
31652	19
31659	51
3166	307
31666	6
31673	16
31680	49
31687	14
31694	349
31701	1823
31708	13
31715	66
31722	16
31729	31
3173	8
31736	162
31743	12
31750	6
31764	1091
31771	93
31778	1896
31785	133
31792	428
31799	23
3180	76
31806	12
31813	17
31820	40
31827	34
31834	71
31841	8
31848	2420
31855	40
31862	22
31869	7595
3187	153
31876	63
31883	3085
31890	184
31897	133
31904	23
31911	49
31918	64
31925	20
31932	539
31939	8
3194	7
31946	10
31953	208
31960	2809
31967	39
31974	139
31981	8621
31988	176
31995	564
32002	70
32009	12
3201	13
32016	930
32023	27
32030	4484
32037	17
32044	208
32051	652
32058	32
32065	16
32072	238
32079	2424
3208	24
32086	268
32093	244
32100	219
32107	18
32114	12
32121	47
32128	33
32135	15
32142	4
32149	65
3215	65
32156	4735
32163	1443
32170	576
32177	10421
32184	687
32191	43
32198	41
32205	488
32212	55
32219	27
3222	22
32226	295
32233	39
32240	466
32247	14
32254	418
32261	127
32268	21
32275	152
32282	58
32289	199
3229	442
32296	9
323	24
32303	9182
32310	66
32317	8
32324	31
32331	3976
32338	3514
32345	41
32352	294
32359	32
3236	24
32366	57
32373	194
32380	270
32387	1004
32394	284
32401	29
32408	5
32415	48
32422	269
32429	8259
3243	2463
32436	208
32443	67
32450	7
32457	11
32471	80
32478	17320
32485	23
32492	820
32499	100
3250	17
32506	55
32513	106
32520	293
32527	14
32534	396
32541	24
32548	711
32555	17
32562	573
32569	626
3257	7
32576	65
32583	27
32590	6
32597	364
32604	15
32611	1586
32618	53
32625	74
32632	98
32639	346
3264	38
32646	9
32653	330
32660	25
32667	174
32674	23
32681	66
32688	77
32695	41
32702	42
3271	14
32716	69
32723	186
32730	352
32737	7
32744	300
32751	134
32758	7
32772	110
32779	90
3278	11
32786	437
32793	95
32800	5
32807	152
32814	8
32821	10
32828	2886
32835	189
32842	1631
32849	6
3285	823
32856	19
32863	60
32870	130
32877	945
32884	30
32891	4
32898	85
32905	203
32912	520
32919	151
3292	70
32926	49
32933	206
32940	229
32947	76
32954	42
32961	164
32968	65
32975	58
32982	613
32989	1959
3299	7
32996	31
330	657
33003	147
33010	201
33017	101
33024	50
33031	635
33038	12
33045	368
33052	32
33059	324
33066	7
33073	246
33080	587
33087	462
33094	5
33101	37
33108	71
33115	26
33122	1795
33129	12196
3313	93
33136	411
33143	119
33150	4
33157	11
33164	34
33171	8
33178	956
33185	130
33192	54
33199	271
3320	4
33206	1847
33213	4
33220	104
33227	9
33234	767
33241	118
33248	284
33255	26
33262	19
33269	34
3327	185
33276	198
33283	9
33290	6471
33297	14
33304	22
33311	37
33318	414
33325	316
33332	7
33339	83
3334	297
33346	32
33353	138
33360	149
33367	127
33374	11
33381	701
33388	882
33395	348
33402	313
33409	20
3341	29
33416	14
33423	9
33430	15
33437	27
33444	16
33451	39
33458	245
33465	1291
33472	180
33479	147
3348	186
33486	82
33493	4197
33500	46
33507	32
33514	18
33521	395
33528	18
33535	163
33542	5
33549	204
3355	17
33556	37
33563	32
33570	5
33577	7
33584	35
33591	15
33598	38
33605	26
33612	23
33619	32
3362	360
33626	911
33633	37
33640	581
33647	5154
33654	68
33661	27
33668	309
33675	49
33682	2714
33689	12
3369	69
33696	35
337	32
33703	5
33724	451
33731	45238
33738	111
33745	948
33752	284
33759	19
3376	12738
33766	18
33780	284
33787	19908
33794	12
33801	26
33808	168
33815	134
33822	6
33829	104
3383	4
33836	58
33843	12
33850	4
33857	700
33864	19
33871	563
33878	58
33885	97
33892	13
3390	1919
33906	5
33913	83
33920	55
33927	33
33934	16
33941	4
33948	215
33955	4
33962	4
33969	109
3397	4334
33976	36
33983	11
33990	1229
33997	24
34004	765
34011	35
34018	18
34025	223
34032	25
34039	23
3404	51
34046	61
34053	53
34060	23
34067	2020
34074	11
34088	4
34095	96
34102	13
34109	35
3411	95
34116	12
34123	105
34130	47
34137	4333
34144	328
34151	48
34158	75
34165	370
34172	79
34179	13
3418	36
34186	54
34193	23
34200	26
34207	6
34214	2451
34221	748
34228	20
34242	5
34249	2769
3425	60
34256	408
34263	21
34270	4306
34277	24
34284	608
34291	22
34298	31
34305	400
34312	334
34319	5
3432	27
34326	85
34333	63
34340	4
34347	176
34354	6
34361	11
34368	588
34375	8
34382	138
34389	321
3439	114
34396	98
34403	5
34410	57
34417	16
34424	60
34431	63
34445	235
34452	35
34459	628
3446	14
34466	8229
34473	391
34480	156
34487	4770
34494	398
34501	40
34508	81
34515	51
34522	11
34529	18
3453	8
34536	68
34543	164
34550	355
34557	1303
34564	64
34571	7
34578	1049
34585	11
34592	579
34599	13
3460	86
34606	8
34613	7
34620	147
34627	605
34634	7
34648	566
34655	198
34662	16
34669	24
3467	10
34676	8
34683	17
34690	1170
34697	45
34704	22
34711	20
34718	116
34725	40
34732	55
34739	950
3474	111
34746	129
34753	49
34760	21
34767	30
34774	21
34781	130
34788	42
34795	112
34802	18
34809	568
3481	7350
34816	342
34823	680
34830	30
34837	5
34844	792
34851	426
34858	105
34865	40
34872	12
34879	30
3488	9
34886	1305
34893	666
34900	24
34907	33
34914	40
34921	155
34928	12
34935	11
34942	1026
34949	2381
3495	61
34956	1690
34963	4
34970	25
34977	174
34984	10
34991	1065
34998	54
35005	16
35012	37
35019	76
3502	35
35033	29
35040	21
35047	9
35054	75
35061	15
35068	1123
35075	23
35082	7
35089	175
3509	106
35096	130
351	262
35103	14
35110	98
35117	9
35124	1950
35131	21
35138	148
35145	33
35152	28
35159	15
3516	47
35166	1658
35173	378
35180	46
35187	4
35194	119
35201	146
35208	402
35215	5
35222	6
35229	15
3523	104
35236	6
35243	14
35250	16
35257	370
35264	3204
35271	154
35278	32
35285	17
35292	18
35299	8
3530	7
35306	1078
35313	29
35320	113
35327	58
35334	54
35341	299
35348	20
35355	201
35362	161
35369	431
3537	69
35376	871
35383	6872
35390	214
35397	7
35404	52
35411	17
35418	534
35425	1610
35432	92
35439	87
3544	214
35446	6
35453	5
35460	5
35467	1017
35474	42
35481	10
35488	5
35495	470
35502	38
35509	27
3551	122
35516	9
35523	614
35530	2433
35537	506
35544	111
35551	551
35558	69
35565	118
35572	26
35579	84
3558	33
35586	138
35593	70
35600	627
35607	173
35614	10
35621	6
35628	11610
35635	154
35642	153
35649	582
3565	28
35656	12
35663	85
35670	616
35677	12
35684	135
35691	117
35698	9
35705	6
35712	17
35719	35
3572	7
35726	94
35733	14
35740	56
35747	6
35754	25
35761	2444
35768	27
35775	16
35782	2349
35789	8
3579	870
35796	17
358	314
35803	358
35810	37
35817	87
35824	2556
35831	11
35838	1009
35845	1046
35852	14
35859	4
3586	257
35866	654
35873	18
35880	27
35887	9877
35894	710
35901	14
35908	193
35915	357
35922	27
3593	1065
35936	107
35943	393
35950	94
35957	59
35964	45
35971	340
35978	114
35985	310
35992	1867
35999	157
3600	59
36006	4
36013	45
36020	189
36027	28
36034	943
36041	43
36048	44
36055	20
36062	123
36069	18
3607	150
36076	4892
36083	8
36090	62
36097	108
36104	5
36111	126
36118	357
36125	16
36132	44
36139	229
3614	201
36146	28
36153	43
36160	112
36167	33
36174	12
36181	27
36188	126
36195	46
36202	4
36209	60
3621	37
36216	3809
36223	27
36230	57
36237	7
36244	130
36251	8
36258	891
36265	5
36272	4
36279	7
3628	1679
36286	23
36293	6
36300	23
36307	1935
36314	18
36321	354
36328	84
36335	29
36342	1435
36349	75
3635	92
36356	62
36363	38
36370	248
36377	107
36384	69
36391	11
36398	27
36405	8
36412	1359
36419	10
3642	12
36426	249
36433	16
36440	13
36447	17
36454	4
36461	23
36468	30
36475	202
36482	546
36489	33
3649	38
36496	613
365	7830
36503	10
36510	470
36517	416
36524	107
36531	22
36538	196
36545	432
36552	961
36559	77
3656	106
36566	12
36573	4
36580	16
36587	153
36594	318
36601	329
36608	34
36615	257
36622	18
36629	9
3663	392
36636	24
36643	78
36650	753
36657	5
36664	1806
36671	5
36678	34
36685	3033
36692	30
36699	123
3670	22
36706	4
36713	16
36720	10
36727	28
36734	11
36741	10
36748	10
36755	44
36762	79
36769	36
3677	14
36776	117
36783	76
36790	348
36797	48
36804	20
36811	51
36818	323
36825	17
36832	167
36839	390
3684	5
36846	37
36853	108
36860	111
36867	95
36874	255
36881	385
36888	15
36895	12
36902	22
36909	8
3691	40
36916	5
36923	1965
36930	28
36937	5
36944	1263
36951	6
36958	8
36965	13
36972	143
36979	31
3698	151
36986	52
36993	80
37007	139
37021	22
37028	21
37035	29
37042	732
37049	86
3705	196
37056	4
37063	391
37070	123
37077	9
37084	363
37091	9
37098	97
37105	32
37112	50
37119	8010
3712	365
37126	12
37133	25
37140	51
37147	2609
37161	30
37168	118
37175	85
37182	67
37189	6
3719	7
37196	4
372	49
37203	1524
37210	7
37217	38
37224	6
37238	700
37245	42
37252	15
37259	19
3726	23
37266	365
37273	22
37280	12
37287	55
37294	141
37301	69
37308	7
37315	12
37322	310
37329	28
3733	14
37336	54
37343	12
37350	69
37357	2386
37364	201
37371	330
37378	84
37385	879
37392	4
37399	9
3740	1092
37406	16
37413	72
37420	33
37427	95
37434	146
37441	13
37448	13
37455	916
37462	1427
37469	31
3747	36
37476	10
37483	43
37490	329
37497	84
37504	695
37511	1656
37518	422
37525	13
37532	6
37539	23
3754	134
37546	20
37553	1026
37560	45
37567	8
37574	59
37581	11
37588	178
37602	670
37609	662
3761	526
37616	85
37623	17
37630	1125
37637	1720
37644	27
37651	18
37658	1911
37665	563
37672	29
37679	5
3768	25
37686	62
37693	474
37700	6
37707	18
37714	30
37721	18
37728	666
37735	4
37742	330
37749	359
3775	30
37756	31
37763	265
37770	5
37777	15
37784	4
37791	18
37798	46
37805	65
37812	40
37819	10
3782	837
37826	107
37833	169
37840	622
37847	13
37854	11
37861	22
37868	18
37875	101
37882	8
37889	26
3789	713
37896	54
379	6
37903	136
37910	43
37917	1063
37924	16
37931	515
37938	378
37945	88
37952	49
37959	398
3796	359
37966	2537
37973	429
37980	653
37987	138
37994	15
38	17
38001	66
38008	51
38015	1053
38022	16
38029	52
3803	56
38036	24
38043	51
38050	837
38057	13
38064	42
38071	97
38078	178
38085	8
38099	6
3810	93
38106	38
38113	722
38120	194
38127	1126
38134	15
38141	2167
38148	16
38155	17
38162	5
38169	10
3817	42
38176	254
38183	4
38190	334
38197	141
38204	35
38211	12
38218	1076
38225	10
38232	26
38239	62
3824	124
38246	37
38253	13
38260	76
38267	537
38274	6394
38281	1166
38288	4906
38295	561
38302	103
38309	11
38316	9
38323	5
38330	14
38337	10
38344	192
38351	20
38358	22
38365	324
38372	10
38379	112
3838	11
38386	10
38393	36
38400	16535
38407	264
38414	131
38428	184
38435	28
38442	8
38449	6
3845	47
38456	21451
38463	46
38470	393
38477	16
38491	104
38498	34
38505	5
38512	61
38519	28
3852	122
38526	321
38533	2775
38540	247
38547	362
38554	57
38561	15
38568	27
38575	10
38582	130
3859	90
38596	3948
386	108
38603	178
38610	241
38617	4
38624	19
38631	18
38638	20
38645	7
38652	693
38659	228
3866	48
38666	627
38673	15
38680	49
38687	38
38694	1384
38701	191
38708	37
38715	4
38722	65
38729	653
3873	4315
38736	9
38743	12
38750	1655
38757	94
38764	93
38771	7
38778	80
38785	37
38792	6
38799	590
3880	3655
38806	56
38813	82
38820	57
38827	4451
38834	902
38841	39
38848	81
38855	20
38862	127
38869	5
3887	319
38876	94
38883	794
38890	7501
38897	6
38904	6
38911	109
38918	87
38925	305
38932	9
38939	4
3894	387
38946	440
38953	91
38960	275
38967	386
38974	501
38981	19
38988	3456
38995	725
39002	948
39009	271
3901	17
39016	37
39023	614
39030	59
39037	649
39044	9
39051	147
39058	9
39065	60
39072	127
39079	65
3908	35
39086	8
39093	53
39100	32
39107	989
39114	37
39121	6676
39128	519
39135	8
39142	504
39149	264
3915	4
39156	64
39163	116
39170	870
39177	195
39184	110
39191	39
39198	15
39205	10
39212	65
39219	87
3922	57
39226	125
39233	21
39240	9
39247	2431
39254	6
39261	584
39268	5
39275	100060
39282	583
39289	10
3929	14
39296	8
393	25
39303	3779
39310	74
39317	8
39324	29
39331	134
39338	88
39345	75
39352	377
39359	55
3936	65
39366	10
39373	8
39380	181
39387	8
39394	615
39401	13
39408	24086
39415	496
39422	23
39429	472
3943	25
39436	120
39443	40
39450	2882
39457	174
39464	1447
39471	9
39478	39
39485	2524
39492	154
39499	4
3950	16
39506	43
39513	79
39520	8
39527	4659
39534	2338
39541	14
39548	132
39555	102
39562	32
39569	37
3957	37973
39576	21
39583	5
39590	85
39597	57
39604	436
39611	10
39618	529
39625	199
39632	37
39639	242
3964	66
39646	1022
39653	346
39660	101
39667	300
39674	4
39681	651
39688	4
39695	29
39702	458
39709	19
3971	27
39716	9
39723	174
39730	11
39737	351
39744	14
39751	175
39758	2349
39765	36
39772	120
39779	51
3978	41
39786	21
39793	5
39800	138
39807	121
39814	435
39821	215
39828	44
39835	49
39842	5
39849	27
3985	7
39856	17
39863	1490
39870	27
39877	58779
39884	51
39891	1044
39898	193
39905	125
39912	112
39919	7
3992	677
39926	17
39933	42
39940	5
39947	11237
39954	1079
39961	142
39968	558
39975	591
39982	1763
39989	73
3999	5711
39996	20
400	96
40003	5
40010	99
40017	278
40024	9
40031	977
40038	67
40045	33
40052	76
40059	4
4006	6202
40066	11
40073	179
40080	279
40087	243
40094	11
40101	4
40108	35
40115	14
40129	19
4013	195
40136	3718
40143	16
40150	19
40157	21
40164	140
40171	1015
40178	290
40185	153
40192	57
40199	14148
4020	331
40206	7
40213	19
40220	55
40227	19
40234	79
40241	54
40248	15
40255	703
40262	22
40269	254
4027	4
40276	27
40283	107
40290	4
40297	121
40304	19
40311	1639
40318	60
40325	4
40332	12424
40339	305
4034	511
40346	103
40353	407
40360	220
40367	21
40374	63
40381	19
40388	963
40395	24
40402	10
40409	133
4041	13
40416	219
40423	6
40430	4
40444	16
40451	258
40458	329
40465	26
40472	369
40479	318
4048	7
40486	2778
40493	129
40500	13
40507	74
40514	12
40521	119
40528	41
40535	128
40542	829
40549	360
4055	40
40556	1173
40563	7
40570	11
40577	49
40584	163
40591	224
40598	857
40605	343
40612	686
40619	491
4062	84
40626	5
40633	414
40640	20
40647	32
40654	30
40661	4
40668	53
40675	13
40682	11
40689	69
4069	97
40696	128
407	14
40703	13
40710	94
40717	5
40724	3010
40731	247
40738	429
40745	27
40752	98
40759	666
4076	35
40773	8
40780	55
40787	445
40794	388
40808	84
40815	997
40822	10
40829	205
4083	9
40836	1306
40843	5
40850	25
40857	55
40864	342
40871	151
40878	2598
40885	240
40892	249
40899	10
4090	43
40906	40
40913	238
40920	130
40927	119
40934	310
40941	1022
40948	75
40955	38
40962	177
40969	1932
4097	2885
40976	21
40983	15
40990	38
40997	1718
41004	418
41011	8
41018	127
41025	24
41032	15
41039	193
41046	72
41053	251
41060	87
41067	54
41074	210
41081	4
41088	34
41095	109
41102	28
41109	83
4111	50
41116	414
41123	11
41130	13
41137	82
41144	138
41151	168
41158	54
41165	4517
41172	97
41179	133
4118	114
41186	116
41200	39
41207	137
41214	59
41221	9
41228	22
41235	19
41242	1871
41249	386
4125	684
41256	5
41263	17
41270	51
41277	1200
41284	101
41291	169
41298	40
41305	75
41312	25
41319	6671
4132	267
41326	107
41333	21
41340	721
41347	8
41354	630
41361	132
41368	5
41375	2465
41382	21
41389	18
4139	25
41396	223
414	17
41403	8
41424	112
41431	5
41438	39
41445	263
41452	96
41459	18
4146	300
41466	15
41473	42
41480	1211
41487	10
41494	17
41501	8
41508	46
41515	559
41529	8
4153	28
41536	50
41543	140
41550	84
41557	1142
41564	26
41571	10
41578	97
41585	18
41592	142
41599	6
4160	54
41606	436
41613	319
41620	82
41627	5
41634	92
41641	70
41648	12
41655	69
41662	627
41669	151
4167	235
41676	112
41683	16
41690	5065
41697	64
41704	36
41711	208
41718	14
41725	165
41732	63
41739	13
4174	535
41746	342
41753	18
41760	36
41767	219
41774	2399
41781	44
41788	45
41795	20
41802	19
41809	267
4181	5
41816	6
41823	208
41830	18
41837	327
41844	26741
41851	36
41858	145
41865	177
41872	12
41879	10
4188	10
41886	106
41893	7
41900	192
41907	41
41914	29
41921	448
41928	26
41935	240
41942	18
41949	284
4195	165
41956	311
41963	394
41970	1289
41977	135
41984	326
41991	31
41998	205
42012	8
42019	4
4202	41
42026	359
42033	68
42040	106
42047	7
42054	45
42061	102
42068	12
42075	1180
42082	239
42089	84
4209	48
42096	7
421	528
42103	57
42110	10907
42117	1237
42124	34
42131	8
42138	51
42145	833
42152	55
4216	494
42166	17
42173	7
42180	54
42187	69
42194	137
42201	15
42208	405
42215	540
42222	59
42229	9
4223	10
42236	19
42243	286
42250	4
42257	148
42264	23
42271	6
42278	29
42285	74
42292	17
42299	236
4230	12
42306	97
42320	331
42327	522
42334	49
42341	411
42348	23
42355	56
42362	34
42369	13
4237	72
42376	19
42383	1316
42390	19
42397	579
42404	3162
42411	830
42418	31
42425	520
42432	33
42439	4
4244	8
42446	567
42453	20
42460	7761
42467	20
42474	23
42481	11
42488	41
42495	7668
42502	161
42509	488
4251	66
42516	197
42523	66
42530	18
42537	91
42544	9
42551	850
42558	81
42565	375
42572	45
42579	2274
4258	753
42586	50
42593	64
42600	12
42607	108
42614	90
42621	11
42628	6
42635	113
42642	8
42649	5
4265	86
42663	5
42670	8
42677	1603
42684	4
42691	34
42698	79
42705	5
42712	73
42719	11908
4272	27
42726	15
42733	467
42740	5
42747	14
42754	25
42761	44
42768	30055
42775	8
42782	13
42789	297
4279	130
42796	1491
428	215
42803	6842
42810	77
42817	659
42824	1384
42831	4
42838	63
42852	17
42859	41
4286	82
42866	11
42873	473
42880	5
42887	1355
42894	20
42901	160
42908	35
42915	61
42922	4
42929	1038
4293	23
42936	2152
42943	509
42950	62
42957	40
42964	1076
42971	108
42978	6
42985	178
42992	904
42999	4
4300	14
43006	12
43013	122
43020	24
43027	276
43034	6
43041	85
43048	12
43055	7
43062	4
43069	5
4307	10
43076	4158
43083	325
43090	31
43097	27
43104	91
43111	13
43125	39
43132	23
43139	44
4314	399
43146	16
43153	13
43160	269
43167	43
43174	242
43181	34
43188	49
43195	533
43202	30
43209	2745
4321	366
43216	21
43223	182
43230	279
43237	8
43244	59
43251	401
43258	393
43265	200
43272	40
43279	4650
4328	30
43286	249
43293	65
43300	144
43307	60
43314	277
43328	78
43335	309
43349	71
4335	420
43356	52
43363	138
43370	14
43377	246
43384	5
43391	12
43398	444
43405	83
43412	7
43419	26
4342	15
43426	59
43433	35
43440	49
43447	162
43454	12
43461	126
43468	6
43475	204
43482	49
43489	20
4349	23
43496	185
435	76
43503	27
43510	268
43517	391
43524	111
43531	33
43538	35
43545	1874
43552	278
43559	4
4356	10
43566	27
43573	8
43580	190
43587	60
43594	54
43601	66
43608	44
43615	10
43622	313
43629	361
4363	435
43636	92
43643	6318
43650	99
43657	58
43664	15
43671	12
43678	32
43685	6
43692	4547
43699	11
4370	7
43706	28
43713	18040
43720	929
43727	111
43734	137
43741	90
43748	32
43755	51
43762	22
43769	403
4377	2327
43776	54
43783	33
43790	9
43797	34
43804	396
43811	30
43818	48
43825	12
43832	61
43839	103
4384	6
43846	59
43853	70
43860	390
43867	5795
43874	148
43881	346
43888	982
43895	103
43902	317
43909	48
4391	589
43916	39
43923	198
43930	49
43937	16
43944	67
43951	1257
43958	152
43965	361
43972	67
43979	191
4398	676
43986	2100
43993	52
44000	291
44007	46
44014	3946
44021	431
44028	41
44035	839
44042	3987
44049	5
4405	91
44056	1206
44063	6
44070	97
44077	47
44091	347
44098	3580
44105	94
44112	472
44119	46
4412	7
44126	312
44133	803
44147	21
44154	27
44161	39
44168	42
44175	71
44182	457
44189	370
4419	50
44196	5
442	72
44203	16
44210	99
44217	20
44224	145
44231	8
44238	425
44245	4177
44252	7
44259	57
4426	11
44266	26
44273	90
44280	51
44287	72
44294	62
44301	15
44308	10
44315	151
44322	41
44329	1145
4433	43
44336	169
44343	56
44350	29
44357	7
44364	22
44371	2315
44378	17
44385	109
44392	4
44399	116
4440	72
44406	323
44413	925
44420	65
44427	10
44434	4
44441	21
44448	7
44455	99
44462	21
44469	6
4447	1373
44476	35
44483	6
44490	5
44497	324
44504	362
44511	16
44518	195
44525	100
44532	311
44539	50
4454	7
44546	40
44553	48
44560	11798
44567	18
44574	19
44581	137
44588	20
44595	411
44602	8
44609	482
4461	8408
44616	332
44623	61
44630	6
44637	123
44644	22
44651	21
44658	5
44665	11
44672	262
44679	31
4468	21
44686	54
44700	13
44707	117
44714	500
44721	15
44728	2298
44735	8
44742	4
44749	88
4475	155
44756	152
44763	7
44770	9
44777	13
44784	10
44791	29
44798	13
44805	5
44812	193
44819	1513
4482	268
44826	5
44833	57
44840	11
44847	306
44854	76
44861	34
44868	13
44875	17
44882	1360
44889	94
4489	57
44896	84
449	1527
44903	15
44910	21416
44917	65
44924	175
44931	314
44938	45
44945	92
44952	24
44959	17
4496	47
44966	328
44973	8
44980	2077
44987	20684
44994	14
45	18413
45001	10
45008	22
45015	42
45029	219
4503	65
45036	1318
45043	57
45050	84
45057	11
45064	5845
45071	76
45078	9
45085	5
45092	38
45099	532
4510	70
45106	6135
45113	997
45120	82
45127	5
45134	455
45141	14
45148	85
45155	19
45162	8
45169	92
4517	95
45176	93
45183	44
45190	5475
45197	45
45204	981
45211	445
45218	16
45225	4
45232	324
45239	279
4524	265
45246	1450
45253	528
45260	1181
45267	254
45274	50
45281	111
45288	196
45295	262
45302	663
45309	1225
4531	14
45316	367
45323	40
45330	67
45337	30
45344	20
45351	190
45358	7
45365	21
45372	162
45379	74
4538	268
45386	14
45393	1005
45407	118
45414	46
45421	70
45428	45
45435	16
45442	96
45449	13
45456	12
45463	75
45470	5
45477	39
45484	79
45491	114
45498	24
45505	16
45512	84
45519	33
4552	142
45526	10
45533	45
45540	23
45554	428
45561	9
45568	44
45575	379
45582	2079
45589	80
4559	65
45596	1091
456	266
45603	16791
45610	31
45617	46
45624	271
45631	6
45638	1124
45645	4370
45652	37
45659	211
4566	24
45666	74
45673	276
45680	99
45687	1181
45694	655
45701	18
45708	6
45715	103
45722	10
45729	9
4573	47
45736	9
45743	39
45750	11
45757	898
45764	108
45771	1111
45778	19
45785	9
45792	17
45799	55
4580	176
45806	648
45813	25
45820	8
45827	23
45834	10
45841	88
45848	84
45855	20
45862	1774
45869	226
4587	25
45876	7
45883	131
45890	10
45897	8
45904	8
45911	18
45918	744
45925	84
45932	72
45939	7
4594	17
45946	3545
45953	65
45960	213
45967	13
45974	25
45981	16
45988	113
45995	14
46002	14
46009	52
4601	292
46023	2969
46030	66
46037	9
46044	52
46051	31
46058	1105
46065	323
46072	97
46079	8
4608	173
46086	6
46093	33
46100	25
46107	3744
46114	141
46121	40
46128	80
46135	121
46142	13
46149	8558
4615	57
46156	57
46163	103
46170	9
46177	7
46184	499
46191	64
46198	33
46205	23
46212	8
46219	17
4622	5
46226	7559
46233	62
46240	46
46247	17
46254	23
46261	40
46268	86
46275	122
46282	285
46289	19
4629	35
46296	7
463	32
46303	307
46310	25
46317	35
46324	79
46331	1296
46338	130
46345	12
46352	500
46359	1511
4636	49
46366	7
46373	50
46380	113
46387	11
46394	692
46401	5
46408	40
46415	75
46422	8
46429	56
4643	33
46436	115
46443	46
46450	5
46457	33
46464	17
46471	18
46478	99
46485	2030
46492	4
46499	15
46506	89
46513	1332
46520	121
46527	117
46534	31
46541	1253
46548	11
46555	10
46562	4188
46569	284
4657	46
46576	62
46583	6
46590	298
46597	265
46604	26
46611	676
46618	281
46632	783
46639	377
4664	331
46646	12
46653	10
46660	367
46667	52087
46674	519
46681	574
46688	751
46695	83
46702	6
46709	5194
4671	2431
46716	5
46723	116
46730	151
46737	80
46751	4
46758	237
46765	10
46772	10
46779	997
4678	36
46786	75
46793	107
46800	124
46807	1773
46814	33
46821	66
46828	411
46842	8900
46849	35
4685	14
46856	68
46863	112
46870	715
46877	275
46884	18
46891	16
46898	37
46912	88
46919	22
4692	625
46926	208
46933	206
46940	57
46947	8
46961	87
46968	27
46975	21
46982	223
46989	53
4699	113
46996	229
470	150
47003	13
47010	9
47017	265
47024	85
47031	880
47038	60
47045	203
47052	244
47059	2236
4706	123
47066	28
47073	15
47087	5976
47094	12
47101	12
47108	30
47115	250
47122	51
47129	28
4713	874
47136	335
47143	12
47150	6
47157	461
47164	16
47171	36
47178	18
47185	3412
47192	403
47199	25
4720	12
47206	178
47213	26
47220	11
47227	23
47234	233
47241	122
47248	679
47255	7
47262	69
47269	27
4727	41
47276	5
47283	364
47290	271
47297	90
47304	90
47311	6
47318	307
47325	2509
47332	12
47339	158
4734	332
47346	125
47353	146
47360	12
47367	168
47374	26
47381	33
47388	4796
47395	51
47402	4976
47409	1241
4741	17
47416	38
47423	24
47430	10
47437	4
47444	53
47451	70
47458	53
47465	83
47472	25
47479	2065
4748	11
47486	49
47493	18
47500	2006
47507	77
47514	65
47521	3735
47528	62
47535	39
47542	11
47549	74
4755	26
47556	22
47570	1839
47577	719
47584	10
47591	2369
47598	54
47605	225
47612	345
47619	128
4762	49
47626	152657
47633	111
47640	159
47647	7
47654	159
47661	83
47668	1782
47675	58
47682	411
47689	7
4769	88
47696	14
477	26
47703	10
47710	35
47717	4604
47731	138
47738	642
47745	73
47752	563
47759	11238
4776	476
47766	176815
47773	16
47780	2454
47787	331
47794	26
47801	10
47808	28
47815	1239
47822	11
47829	78
4783	34
47836	12
47843	358
47850	4
47857	8
47864	8
47871	42
47878	22
47885	1092
47892	14
47899	29
4790	1804
47906	50
47913	32
47920	237
47927	148
47934	254
47941	2560
47948	35
47955	261
47962	3092
47969	274
4797	101
47976	118
47983	15
47990	3999
47997	4
48004	3371
48011	29
48018	268
48025	418
48032	178
48039	453
4804	16
48046	14
48053	8
48060	35
48067	10
48074	14
48081	5
48088	111
48095	313
48102	189
48109	4496
4811	14
48116	1618
48123	1663
48130	314
48137	143
48144	2438
48158	288
48165	99
48172	19
48179	578
4818	396
48186	4153
48193	820
48200	10
48207	39
48214	117
48221	27
48228	5
48235	427
48242	6
48249	90
4825	145
48256	17
48263	315
48270	643
48277	220
48284	347
48291	593
48298	119
48305	33
48312	11
48319	16
4832	181
48326	130
48333	194
48340	141
48347	272
48354	6
48361	55
48368	246
48375	304
48382	35
48389	7
4839	16
48396	83
484	94
48403	11
48410	7
48417	236
48424	67
48431	19
48438	135
48452	15
48459	33
4846	672
48466	62
48473	124
48480	314
48487	883
48494	208
48501	73
48508	19
48515	99
48522	8
48529	185
4853	3253
48536	68
48543	108
48550	65
48557	18
48564	6
48571	12
48578	188
48585	257
48592	54
48599	34
4860	61
48606	10
48613	200
48620	1440
48627	31
48634	1080
48641	56
48648	18
48655	190
48662	19
48669	12
4867	8
48676	62
48683	156
48690	69
48697	9783
48704	60
48711	99
48718	179
48725	83
48732	882
48739	291
4874	147
48746	1164
48753	87
48767	68
48774	5
48781	213
48788	5
48795	4023
48802	1924
48809	107
4881	22
48816	16
48823	874
48830	7
48837	31
48844	4
48851	155
48858	71
48865	802
48872	23
48879	15
4888	48
48886	18
48893	78
48900	1449
48907	1339
48914	59
48921	29
48928	57
48935	616
48942	56
48949	103
4895	1472
48956	49
48963	24
48970	18
48977	28
48984	52
48991	36
48998	9
49005	1487
49012	44
49019	22
4902	17
49026	4160
49033	9
49040	49
49047	38
49054	2970
49061	98
49068	29
49075	14276
49082	746
49089	31
4909	52
49096	17
491	11
49103	40
49110	307
49117	6
49124	9
49131	9746
49138	21
49145	73
49152	76
49159	17
4916	137
49166	41
49173	162
49180	7
49187	148
49194	5
49201	1736
49208	5
49215	5700
49222	127
49229	13
4923	9
49236	4861
49243	430
49257	52
49264	598
49271	107
49278	27
49285	127
49292	22
49299	225
4930	49
49306	1674
49313	73
49320	310
49327	446
49334	41
49341	142
49348	62
49355	1492
49362	4
49369	27
4937	126
49376	11
49383	14433
49390	34
49397	325
49404	209
49411	131
49418	76
49425	62
49432	5
49439	436
4944	18
49446	30
49460	34
49467	6
49474	477
49481	2730
49488	1410
49495	190
49502	29
49509	532
4951	50
49516	42
49523	9
49530	16
49537	8
49544	1835
49551	29
49558	492
49565	22
49572	78
49579	19
4958	59
49586	11
49593	135
49600	244
49607	4
49614	236
49621	4634
49628	4899
49635	67
49642	27
49649	52
4965	118
49663	12
49670	229
49677	221
49684	9
4972	277
4979	4
498	201
4986	1383
4993	20
5000	29
5007	12
5014	245
5021	23
5028	185
5035	279
5042	430
5049	34
505	39
5056	38
5063	663
5070	64
5077	60816
5084	196
5091	232
5098	1356
5105	190
5112	759
5119	43
512	289
5126	97
5133	105
5140	122
5147	28
5154	5
5161	10150
5168	55
5175	12
5182	25
5189	666
519	953
5196	163
52	28
5203	35
5210	1667
5217	33
5224	108
5231	154
5238	174
5245	24
5252	16
5259	994
526	10
5266	1263
5280	47
5287	78
5294	11
5301	25
5315	1180
5322	10701
5329	107
533	7
5336	35
5343	68
5350	269
5357	102
5364	73
5371	123
5378	15
5385	4440
5392	289
5399	35
540	9
5406	211
5413	8
5420	267
5427	214
5434	13
5441	112
5448	32
5455	47
5462	119
5469	41
547	21
5476	23
5483	123
5490	142
5497	15
5504	7
5511	8
5518	47
5525	222
5532	151
5539	2428
554	1284
5546	157
5553	9
5560	11
5567	41
5574	61
5581	110
5588	370
5595	199
5602	149
5609	198
561	6
5616	640
5623	45
5630	54
5637	59
5644	6
5651	7
5658	103
5665	129
5672	53
5679	508
568	64
5686	9
5693	365
5700	52
5707	1198
5714	35
5721	64
5728	122
5735	550
5742	166
5749	7
575	193
5756	19
5763	64
5770	1262
5777	22
5784	7
5791	445
5798	241
5805	542
5812	300
5819	2649
582	84
5826	568
5833	4
5840	33
5847	23
5854	87
5861	63
5868	30
5875	281
5882	60
5889	40
589	81
5896	148
59	28
5903	38
5910	290
5917	440
5924	10
5931	8
5938	491
5945	14
5952	7
5959	6066
596	8
5966	162
5973	3373
5980	85
5987	271
5994	4925
6	8
6001	120
6008	553
6015	1055
6022	240
6029	14
603	34
6036	446
6043	74
6050	69
6057	295
6064	24
6071	18
6078	5
6085	61
6092	30
6099	120
610	27
6106	234
6113	55
6120	4
6127	50
6134	11
6141	3539
6148	48
6155	1536
6162	243
617	409
6176	9
6183	4
6190	13
6197	400
6204	78
6211	47
6218	3276
6225	187
6232	106
6239	33
624	26
6246	37
6253	10
6260	68
6274	1698
6281	384
6288	647
6295	15
6309	98
631	147
6316	53
6323	9
6330	6
6337	17
6344	407
6351	12
6358	479
6365	8
6372	24
6379	8
638	52
6386	119
6393	71
6400	627
6407	26
6414	1060
6421	7
6428	5
6435	17
6442	327
6449	46
645	147
6456	36
6463	79
6470	506
6477	24
6484	63
6491	208
6498	4
6505	24
6512	22
6519	751
652	12
6526	30
6533	330
6540	40
6547	19
6561	5
6568	2609
6575	12
6582	34
6589	155
659	259
6596	53
66	236
6603	4
6610	30
6617	100
6624	24
6631	8825
6638	2149
6645	28
6652	383
6659	61
666	185
6666	63
6673	237
6680	1431
6687	70
6694	27
6701	84
6708	23
6715	140
6722	92
6729	1209
673	726
6736	67
6743	41
6750	3569
6757	158
6764	16
6778	278
6785	34
6792	8
6799	1978
680	53
6806	65
6813	711
6820	47
6827	67
6834	9
6841	575
6848	376
6855	53
6862	78
6869	221
687	7
6876	48
6883	5
6890	539
6897	22
6904	245
6911	67
6918	64
6925	20
6932	80
6939	10
694	80
6946	115
6953	65
6960	62
6967	209
6974	512
6981	171
6988	51
6995	17
7002	44
7009	471
7016	6
7023	5
7030	11
7037	4
7044	109
7051	898
7058	1514
7065	85
7072	52
7079	1626
708	13
7086	12
7093	149
7100	10
7107	25
7114	293
7121	417
7128	34
7135	122
7142	9
7149	11
715	7
7156	8371
7163	117
7170	653
7177	2235
7184	4
7191	21
7205	428
7212	812
7219	6
722	656
7226	25
7233	6
7240	184
7247	1060
7254	9
7261	39
7268	18
7275	39
7282	57
7289	43
729	23
7296	18
73	29
7303	594
7310	27
7317	80
7324	93
7331	280
7338	564
7345	68
7352	45
7359	56
736	18
7366	9
7373	41
7380	169
7387	296
7394	99
7401	1211
7408	302
7415	8
7429	14
743	699
7436	26
7443	433
7450	193
7457	8
7464	16
7471	87
7478	533
7485	8179
7492	213
7499	102
750	7
7506	45
7513	587
7520	175
7527	51
7548	51
7555	10
7562	1343
7569	210
757	54
7576	28
7583	23
7590	56
7597	297
7604	8
7611	6
7618	9
7625	185
7632	3133
7639	267
764	4
7646	679
7653	66
7660	305
7667	283
7674	9
7681	1166
7688	414
7695	646
7702	506
7709	25
771	197
7716	43
7723	244
7730	8
7737	133
7744	45
7751	13039
7758	228
7765	10
7772	114
7779	10
778	707
7786	432
7793	41
7800	42
7807	362
7814	5
7821	2197
7828	297
7835	2045
7842	208
7849	36
785	44
7856	77
7863	1341
7870	582
7877	2948
7884	14
7891	258
7898	2083
7905	156
7912	439
7919	74
792	39
7926	318
7933	21
7940	88
7947	98
7954	14
7961	4
7968	361
7975	94
7982	10
7989	210
799	9
7996	54
80	4
8003	6
8010	9
8017	950
8024	135
8031	122
8038	66
8045	145
8052	82
8059	40
806	86
8066	88
8073	855
8080	226
8087	7049
8094	7
8101	37
8108	5
8115	32
8122	5
8129	29
813	65
8136	933
8143	608
8150	79
8157	19
8164	17
8171	46
8178	24
8185	112
8192	1332
8199	18
820	1240
8206	15
8213	27
8220	21
8227	32
8234	9
8241	5
8248	13
8255	15
8262	32
8269	629
827	16
8276	78
8283	25
8290	145
8297	822
8304	7
8311	270
8318	17
8325	10
8332	23
8339	1043
834	49
8346	10
8360	13
8367	382
8374	29
8381	1789
8388	5
8395	14
8402	56
8409	412
841	14
8416	158
8423	82
8430	204
8437	156
8444	212
8451	326
8458	23
8465	693
8472	64
8479	7464
848	19
8486	99
8493	115
8500	246
8507	58
8514	516
8521	37
8528	914
8535	41
8542	153
8549	52
855	17
8556	16
8563	32
8570	631
8577	47
8584	722
8591	64
8598	73
8605	249
8612	253
8619	548
862	9
8626	182
8633	146
8640	42
8647	33
8654	1610
8661	228
8668	983
8689	129
869	80
8696	25
87	747
8703	24
8710	2584
8717	508
8724	24
8731	12
8738	5
8745	39
8752	45
8759	18
876	6
8766	11
8773	114
8780	34
8787	77
8794	13
8801	31
8808	331
8815	19
8822	4
8829	9
883	222
8836	45
8843	2769
8850	179
8857	104
8871	150
8878	42
8885	89
8892	38
8899	16
890	21997
8906	5
8913	11
8920	1361
8927	272
8934	215
8941	8
8948	11
8955	7498
8969	49
897	9
8976	12
8983	6
8990	187
8997	593
9004	35
9011	38
9018	5590
9025	48
9032	142
9039	86
904	123
9046	20
9053	66
9060	566
9067	646
9074	18
9081	22
9088	522
9095	177
9102	125
9109	61
911	80
9116	108
9123	24
9130	752
9137	929
9144	242
9151	76
9158	14
9165	4
9172	583
9179	8
918	71
9186	1004
9193	7
9200	115
9207	43
9214	105
9221	20
9235	51
9242	120
9249	21
925	327
9263	12
9270	1363
9277	36
9284	1068
9291	30
9298	16
9312	35
9319	41
932	473
9326	38
9333	7
9340	559
9347	160
9354	123
9361	38
9368	57
9375	13
9382	270
9389	568
939	2170
9396	16
94	879
9403	248
9410	30
9417	10
9424	1208
9431	362
9438	3417
9445	54
9452	47
9459	247
946	9
9466	215
9473	369
9480	811
9487	35
9494	418
9501	135
9508	95
9515	8162
9522	28
953	32
9536	120
9543	29
9550	6542
9557	203
9564	20
9571	103
9578	32
9585	130
9592	24
9599	9
960	64
9606	37
9613	21
9620	39
9627	36
9634	585
9641	870
9648	2024
9655	109
9662	254
9669	32
967	315
9676	57
9683	8
9690	135
9697	37
9704	23
9711	15
9718	132
9725	1046
9732	14
9739	1489
974	6
9746	55
9753	34
9760	27
9767	4
9774	88
9781	380
9788	819
9795	62
9802	7
9809	11
981	57
9816	196
9823	6
9830	75
9837	2751
9844	173
9851	180
9858	23
9865	4
9872	84
9879	47
988	15
9886	444
9893	40
9900	18
9914	21
9921	7
9928	56
9935	59
9942	81
9949	8
995	146
9956	37
9963	516
9970	115
9977	8
9984	16
9991	7
9998	6
