1	1852
10010	23
10017	14707
10024	16
10031	311
10038	206
10045	28
1005	463
10052	91
10059	24
10066	53
10073	6
10080	436
10087	276
10094	37
101	177
10101	73
10108	4794
10115	53
1012	113
10122	15
10129	757
10136	8
10143	23
10150	37
10157	82
10164	16
10171	11
10178	13
10185	77
1019	8
10192	47
10199	4207
10213	69
10220	10
10227	1005
10234	650
10241	811
10248	1835
10255	3162
1026	6
10269	66
10276	9
10283	16
10290	225
10297	22
10304	6
10318	11
10325	19
1033	18
10332	21
10339	3120
10346	337
10353	7
10360	387
10367	15
10374	1701
10381	24
10388	1074
10395	42
1040	14
10402	613
10409	585
10416	31
10423	423
10430	18
10437	198
10444	4
10451	81
10465	65
1047	45
10472	12
10479	811
10486	9
10493	226
10500	1254
10507	16
10514	906
10521	1212
10528	1861
10535	20
1054	9
10542	55
10549	616
10556	15
10563	16
10570	229
10577	17
10591	43
10598	31
10605	637
10612	344
10619	70
10626	28
10633	18
10640	79
10647	47
10654	134
10661	4
10668	515
10675	370
1068	49
10682	14
10689	6
10696	40
10703	35
10710	149
10717	71
10724	1317
10731	73
10738	77
10745	17
1075	6
10752	311
10759	56
10766	7
10773	7
10780	34
10787	205
10794	51
108	145
10801	20
10808	12
10815	20
1082	20
10822	14
10829	34
10836	38
10843	7
10850	19
10857	13
10864	197
10871	20
10878	227
10885	387
1089	14
10892	1447
10899	179
10906	32
10913	140
10920	63
10927	24
10934	30
10941	114
10948	109
10955	51
1096	640
10962	142
10969	160
10976	15
10983	327
10990	404
10997	13
11004	123
11011	104
11018	107
11025	31
1103	2567
11032	33
11039	62
11046	3074
11053	30
11060	40
11067	880
11074	264
11081	750
11088	78
11095	8
1110	615
11102	46
11109	4472
11116	168
11123	5635
11130	2843
11137	131
11144	4
11151	12
11158	124
11165	139
1117	5132
11172	76
11179	38
11186	25
11193	3438
11200	94
11207	38
11214	7
11221	46
11228	14
11235	6
1124	202
11242	10
11249	1118
11256	655
11263	13
11270	230
11277	358
11284	39
11291	8
11298	25
11305	59
1131	455
11312	16
11319	72
11326	7
11333	6
11340	43
11347	168
11354	164
11361	3538
11368	80
11375	209
1138	328
11382	11
11389	14
11396	16
11403	125
11410	18
11417	405
11424	170
11431	5
11438	108
11445	8
1145	27
11452	2982
11459	6
11473	21
11480	7
11487	319
11494	1311
115	388
11501	10
11508	6
11515	8
1152	8
11522	19
11529	29
11536	203
11543	1956
11550	5
11557	34
11564	43
11571	522
11578	8
11585	84
1159	263
11592	5
11599	515
11606	23
11613	88
11620	7
11627	7
11634	131
11641	10
11648	25
11655	15
1166	213
11662	361
11669	355
11676	473
11683	240
11690	7
11697	7
11704	61
11711	7
11718	61
11725	38
1173	7
11732	216
11739	22
11746	43
11753	144
11760	747
11767	61
11774	14
11781	229
11788	5
11795	58
1180	44
11802	17
11809	18
11816	95
11823	242
11830	35
11837	1830
11844	1743
11851	5
11858	237
11865	2419
1187	117
11872	90
11879	20
11886	7
11893	7
11900	28
11907	32
11914	63
11921	14
11928	8
11935	41
1194	11110
11942	42
11949	133
11956	5
11963	7
11970	15
11977	359
11984	1077
11991	11
11998	51
12	246
12005	24
1201	24
12012	12
12019	40
12026	312
12033	2310
12040	31
12047	10
12054	22
12061	10
12068	726
12075	3366
1208	512
12082	278
12089	431
12096	32
12103	235
12110	8
12117	51
12124	219
12131	97
12138	415
12145	1747
1215	7093
12152	9
12159	650
12166	4
12173	23
12180	12
12187	172
12194	8
122	162
12201	42
12208	56
12215	15
1222	58
12222	24
12229	29
12236	7
12243	15
12250	1411
12257	42
12264	25
12271	1006
12278	21
12285	747
1229	25
12292	18
12299	322
12306	28
12313	248
12320	3731
12327	46
12334	39
12341	50221
12348	14
12355	37
1236	101
12362	461
12369	36
12376	67
12383	588
12390	69
12397	623
12404	84
12411	8
12418	22
12425	17
1243	18
12432	310
12439	33
12446	14
12453	4
12460	58
12467	441
12474	43
12481	4914
12488	46
12495	65
1250	177
12502	30
12509	11
12516	309
12523	10
12530	49
12537	29
12544	612
12551	515
12558	16
12565	337
1257	110
12572	5388
12579	160
12586	4
12593	24
12600	18
12607	13
12614	7535
12621	365
12628	29
12635	22
1264	26
12642	16
12656	34
12663	165
12670	25
12677	27
12684	31
12691	5
12698	16
12705	26
1271	6
12712	62
12719	457
12726	58
12733	40
12740	16
12747	11
12754	502
12761	107
12768	13
12775	4
1278	16
12782	1806
12789	15
12796	113
12803	34
12810	8
12817	4344
12824	19
12831	255
12838	530
12845	10027
1285	33
12852	69
12859	505
12866	26
12873	89
12880	72
12887	66
12894	1554
129	273
12901	30
12908	11
12915	5
1292	10
12922	48
12929	4
12936	13
12943	20
12950	423
12957	221
12964	30
12971	8
12978	14
12985	16
1299	195
12992	294
12999	73
13013	7
13020	38
13027	901
13034	78
13041	5
13048	13
13055	226
1306	245
13062	1286
13069	20
13076	2128
13083	7562
13090	52
13097	1147
13104	10
13111	82
13118	22
13125	17
1313	2346
13132	14
13139	94
13146	26
13153	37
13160	28
13167	153
13174	128
13181	55
13188	11
13195	109
1320	12
13202	65
13209	43
13216	156
13223	258
13230	1102
13237	1978
13244	34
13251	1743
13258	7
13265	278
1327	435
13272	67
13279	22
13286	634
13293	251
13300	13
13307	62
13314	91
13321	16
13328	479
13335	37
1334	46
13342	253
13349	15
13356	15
13363	389
13370	492
13377	71
13384	104
13391	359
13398	94
13405	7
1341	70
13412	6
13419	109
13426	21
13433	5
13440	1164
13447	1890
13454	21
13461	37
13468	10
13475	819
1348	146
13482	38
13489	29
13496	988
13503	13
13510	1156
13517	10512
13524	859
13531	46
13545	47
13552	8
13559	242
13566	10
13573	507
13580	78
13587	77
13594	5
136	42
13601	34
13608	57
13615	7
1362	31
13622	40
13629	17423
13636	957
13643	1117
13650	592
13664	13
13671	29
13678	12
13685	6
1369	128
13692	53
13699	7
13706	81
13713	58
13720	217
13727	134
13734	6
13741	71
13748	70
13755	2836
1376	2691
13762	16
13769	57
13776	1325
13783	226
13790	826
13797	394
13804	132
13811	36
13818	34
13825	30
1383	16
13832	36
13839	20
13846	20
13853	582
13860	4
13867	45
13874	4594
13881	63
13888	28
13895	442
1390	152
13902	10
13909	2509
13916	8
13923	22
13930	5
13937	72
13944	5287
13951	1208
13958	223
13965	6
1397	77
13972	21
13979	148
13986	9
14000	37
14007	34
14014	119
14021	216
14028	561
14035	29
1404	4
14042	53
14049	7
14056	8
14063	1759
14070	9
14077	668
14084	15935
14091	8
14098	14
14105	76
1411	225
14112	1496
14119	124
14126	3412
14133	1321
14140	269
14147	5276
14154	329
14161	10872
14168	7558
14175	159
1418	5
14182	607
14189	62
14196	64
14203	9
14210	5
14217	9
14224	5
14231	9
14238	47
14245	6
1425	13
14252	2096
14259	282
14266	136
14273	37
14280	1859
14287	610
14294	123
143	23
14301	5
14308	5
14315	17
1432	214
14322	9
14336	21
14343	123
14350	71
14357	275
14364	1231
14371	3063
14378	624
14385	1145
1439	582
14392	82
14399	2704
14406	10
14413	64
14420	89
14427	95
14434	17
14441	76
14448	41
14455	28
1446	1185
14462	10816
14469	116
14476	86
14483	81
14490	316
14497	13
14504	52
14511	366
14518	15
14525	20
1453	7
14532	6
14539	133
14546	6
14553	3510
14560	15
14567	448
14574	6
14581	8
14588	9
14595	9
1460	222
14602	98
14609	35
14616	80
14623	292
14630	4
14637	60
14644	19
14651	8400
14658	150
14665	52
1467	842
14672	73
14679	250
14686	21
14693	4
14700	13
14707	8
14714	8
14721	12
14728	13
14742	374
14749	5
14763	90
14770	4
14777	44
14784	44
14791	68
14798	28
14805	719
1481	484
14812	19
14819	694
14826	237
14833	1482
14840	21
14847	69
14854	5
14861	675
14868	65
14875	3242
1488	71
14882	992
14889	49
14896	112
14903	321
14910	65
14917	3466
14924	704
14931	21
14938	9
14945	1517
1495	70
14952	504
14959	291
14966	1637
14973	110
14980	12
14987	63
14994	173
150	206
15001	31
15008	2195
15015	80
1502	5
15022	21
15029	156
15036	117
15043	36
15050	392
15057	1144
15064	283
15071	47
15078	401
15085	419
1509	104
15092	47
15099	6
15106	29
15113	247
15120	583
15127	6
15134	2208
15141	137
15148	39
15155	70
1516	4771
15162	397
15169	45
15176	268
15183	237
15190	179
15197	237
15204	27
15211	258
15218	14
15225	44
1523	34
15232	96
15239	105
15246	41
15253	4
15260	89
15267	18
15274	88
15281	4
15288	18
15295	9
1530	191
15302	26
15309	14
15316	22
15323	30
15330	7
15337	28
15344	138
15351	531
15358	29
15365	38
1537	32
15372	47
15379	109
15386	4588
15393	8
15400	122
15407	33
15414	593
15421	120
15428	77
15435	11
1544	8
15442	329
15449	7
15463	53
15470	198
15477	478
15484	42
15491	8
15498	306
15505	15
1551	9
15512	205
15519	217
15526	352
15533	6
15540	56
15547	429
15554	20
15561	12
15568	57
15575	150
1558	209
15582	184
15589	19
15596	65
15603	15
15610	1465
15617	13
15624	13
15631	7
15638	200
15645	5
1565	33
15652	9
15659	9
15666	85
15673	360
15680	1574
15687	38
15694	199
157	54
15701	4
15708	232
15715	7
1572	11
15729	8
15736	70
15743	132
15750	86
15757	11
15764	184
15771	7
15778	29
15785	662
1579	109
15792	381
15799	22
15806	116
15813	112
15820	2101
15827	8
15834	8
15841	168
15848	225
15855	16
1586	33
15862	16
15869	321
15876	51
15883	13
15890	5
15897	13
15904	479
15911	4
15918	13
15925	2172
1593	48
15932	5
15939	12
15946	11
15953	130
15960	561
15967	4
15974	49
15981	903
15988	37
15995	4391
1600	204
16002	34
16009	17
16016	12
16023	25
16030	32
16044	790
16051	7
16058	4
16065	18
1607	38
16072	382
16079	55
16086	20
16093	56
16100	166
16107	46
16114	16
16121	8
16128	39
16135	386
1614	348
16142	756
16149	89
16156	7
16163	82
16170	314
16177	189
16184	21
16191	11
16198	1356
16205	17
1621	520
16212	84
16219	400
16226	54
16233	94
16240	62
16247	232
16254	7923
16261	119
16268	352
16275	240
1628	78
16282	382
16289	692
16296	257
16303	649
16310	6
16317	30
16324	31
16331	7
16338	223
16345	120
1635	81
16352	8
16359	69
16366	18
16373	160
16380	21
16387	1962
16394	12
164	8
16401	6
16408	245
16415	1421
1642	226
16422	39
16429	32
16436	672
16443	67
16450	104
16457	30
16464	1969
16471	26
16478	905
16485	33
1649	584
16492	87
16499	27
16506	14
16513	15
16520	73
16527	23
16534	6
16541	524
16548	288
16555	61
1656	8
16562	46
16569	77
16576	62
16583	87
16590	169
16597	48
16604	4
16611	1524
16618	520
16625	291
1663	69
16632	80
16646	71
16653	7
16660	5
16667	91
16674	10
16681	98
16688	11
16695	50
1670	116
16702	11
16709	106
16716	11
16723	7
16730	254
16737	43
16744	1186
16751	87
16758	7
16765	10
1677	11
16772	1115
16779	21
16786	96
16793	1348
16800	6
16807	13
16814	21
16821	8
16835	7
1684	8
16842	44
16849	4
16856	502
16863	20
16870	131
16877	14
16884	49
16891	571
16898	9
16905	7
1691	112
16912	49
16919	6
16926	120
16933	266
16940	29
16947	7
16954	44
16961	117
16968	13
16975	192
1698	7
16982	15
16989	4
16996	162
17003	313
17010	69
17017	541
17024	39
17031	132
17038	1696
17045	4
1705	32
17052	58
17059	16
17066	28
17073	47
17080	1353
17087	5
17094	46
171	4
17101	43
17108	153
17115	354
1712	1708
17122	13880
17129	25
17136	9
17143	55
17150	163
17157	703
17164	84
17171	12
17178	11
17185	14
1719	340
17192	7
17199	145
17206	1523
17213	132
17220	8
17227	43
17234	9
17241	81
17248	95
17255	25
1726	282
17262	14
17269	4
17276	13
17283	157
17290	8
17304	1411
17311	392
17318	872
17325	19
1733	6
17332	127
17339	288
17346	17
17353	71
17360	751
17367	4
17374	33
17381	47
17388	223
17395	762
1740	50
17402	12
17409	499
17416	40
17423	49
17430	82
17437	64
17444	70
17451	132
17458	20
17465	162
1747	1448
17472	164
17479	21
17486	9
17493	24
17500	272
17507	17
17514	100
17521	47
17528	21
17535	48
1754	17
17542	16
17549	232
17556	246
17563	131
17570	109
17577	171
17584	401
17591	45
17598	116
17605	289
1761	8
17612	41
17619	2024
17626	70
17633	31
17640	402
17647	11
17654	100
17661	11
17668	2110
17675	72
1768	16
17682	13
17689	623
17696	64
17703	534
17710	274
17717	12
17724	19
17731	911
17738	285
17745	390
1775	527
17752	235
17759	599
17766	883
17773	20
17780	10
17787	21
17794	72736
178	41
17801	145
17808	6
17815	16
1782	504
17822	21
17829	386
17836	1001
17843	14
17850	34
17857	7
17864	573
17871	3680
17878	6673
1789	5
17892	5
17899	94
17906	94
17913	8
17920	685
17927	15
17934	40
17941	6
17948	29905
17955	5
1796	16
17962	52
17969	60
17976	971
17983	329
17990	22
17997	261
18004	31
18011	934
18018	81
18025	721
1803	65
18032	27
18039	33
18046	17
18053	11
18060	19
18067	313
18074	222
18088	9
18095	1983
1810	30
18102	611
18109	982
18116	150
18123	14
18130	9
18137	40
18144	150
18151	172
18158	8
18165	13
1817	113
18172	10
18186	35
18200	3157
18207	96
18214	27
18221	392
18228	30
18235	7
1824	1455
18242	939
18249	17
18256	90
18263	5
18270	15
18277	11
18284	239
18291	15
18298	12
18305	162
1831	2878
18312	14
18319	9
18326	12
18333	55
18340	796
18347	64
18354	208
18361	49
18368	109
18375	68
1838	90
18382	6871
18389	3411
18396	11
18403	28
18410	361
18417	26
18431	48
18438	92
1845	242
18452	144
18459	4
18466	27
18473	240
18480	10
18487	1493
18494	117
185	75
18501	172
18508	89
18515	62
1852	88
18522	6
18529	296
18536	10
18543	349
18550	134
18557	1793
18564	6168
18571	17
18578	220
18585	156
18592	7
18599	6204
18606	3123
18613	36
18620	34
18627	266
18634	327
18641	1124
18648	283
18655	56
1866	36
18662	5
18669	98
18676	14
18683	114
18690	19
18704	4
18711	13
18718	362
18725	1002
1873	158
18732	61
18739	160
18746	46
18760	107
18767	319
18774	18
18781	38
18788	4
18795	7
1880	99
18802	118
18809	4
18816	137
18823	25
18830	14
18837	21
18844	112
18851	619
18858	4
18865	25
1887	72
18872	10
18879	272
18886	61
18893	289
18900	147
18907	39
18914	26
18921	8
18928	26
18935	73
1894	31
18942	94
18949	384
18956	384
18963	9710
18970	9
18977	140
18984	9
18991	26
18998	1058
19	4
19005	2047
1901	4
19012	67
19019	13571
19026	20
19033	153
19040	10
19047	59
19054	263
19061	350
19068	5735
19075	15
19082	23
19089	83
19096	18
19103	7
19110	110
19117	7
19124	34
19131	8
19138	312
19145	1786
1915	114
19152	4
19159	6
19166	13
19173	10390
19180	2197
19187	9
19194	10
192	35
19201	47
19208	2258
19215	6
1922	22
19222	25
19229	25
19236	24
19243	9
19250	966
19257	87
19264	32
19271	14
19278	7
19285	23
1929	214
19292	66
19299	6
19306	49
19313	248
19320	55
19327	81
19334	45
19341	125
19348	29345
19355	9
1936	158
19362	36
19369	5
19376	3373
19383	5
19390	59
19397	15
19404	94
19411	43
19418	57
19425	54
1943	187
19432	4
19439	67
19446	3688
19453	211
19460	26
19467	617
19474	25
19481	27
19488	6592
19495	1025
1950	297
19502	10
19509	30
19516	562
19523	17
19530	60
19537	145
19544	21
19551	12
19558	248
19565	485
1957	1543
19572	19
19579	85
19586	52
19593	14
19600	459
19607	215
19614	194
19621	27
19628	116
19635	619
1964	121
19649	145
19656	17
19663	47
19670	119
19677	14712
19684	15
19691	12437
19698	25
19705	350
1971	13
19712	29
19719	13
19726	69
19733	13
19740	4
19747	21
19754	67
19761	202
19768	58
19775	545
1978	30
19782	417
19789	18
19796	4
19803	313
19810	18
19817	6
19824	18
19831	210
19838	6
19845	341
1985	11
19852	30
19859	68
19866	23
19873	415
19880	32
19887	3374
19894	7007
199	267
19901	25
19908	103
19915	528
1992	17
19922	104
19929	161
19936	6
19943	170
19950	37
19957	418
19964	413
19971	54
19978	14
19985	46
1999	11297
19992	121
19999	10
20006	5
20013	27
20020	16
20027	22
20034	2034
20041	20
20048	5
20055	9
2006	10
20062	11
20069	8
20076	411
20083	7
20090	265
20097	77
20104	223
20111	44
20118	3119
20125	212
2013	5
20132	133
20139	32
20146	9
20153	381
20160	7
20167	59
20174	43
20181	49
20188	11
20195	192
2020	10
20202	83
20209	7
20216	30
20230	209
20237	6
20244	765
20251	45
20258	4
20265	11
2027	51
20272	44
20279	49
20286	247
20293	27
20300	5
20307	152
20314	821
20321	26
20328	83
20335	104
2034	18
20342	5
20349	23
20356	27
20363	6
20370	231
20377	188
20384	905
20391	63
20398	21
20405	9
2041	20
20412	4
20419	281
20426	55
20433	285
20440	124
20447	15
20454	21
20461	42
20468	1938
20475	68
2048	24
20482	174
20489	376
20496	207
20503	12
20510	94
20517	9
20524	662
20531	18
20538	24
20545	46
2055	154
20552	50
20559	39
20566	31
20573	21
20580	7746
20587	30
206	184
20601	276
20608	3172
20615	17
2062	211
20622	496
20629	25
20636	323
20643	72
20650	30
20664	23
20671	13
20678	136
20685	189
2069	6
20699	461
20706	214
20713	30
20720	1097
20727	24
20734	10360
20741	82
20748	133
20755	6
2076	109
20762	195
20769	288
20776	1597
20783	78
20790	154
20797	25
20804	203
20811	61
20818	713
20825	8
20832	115
20839	11
20846	8
20853	47
20860	250
20867	43
20874	56
20888	380
20895	18
2090	218
20902	149
20909	312
20916	641
20923	72
20930	501
20937	39
20944	493
20951	103
20958	54
20965	23
2097	243
20972	154
20979	115
20986	170
20993	29
21000	209
21007	7
21014	170
21021	13
21028	7
21035	20
2104	27
21042	9
21049	70
21056	16
21063	18
21070	2978
21077	4377
21084	8
21091	311
21098	8
21105	93
2111	168
21112	25
21119	11
21126	28
21133	383
21140	21
21147	74
21154	4
21168	28
21175	93
2118	128
21182	114
21189	58
21196	106
21203	302
21210	61
21217	8
21224	28
21231	5
21238	82
21245	59
2125	5
21252	386
21259	7
21266	17
21273	166
21280	764
21287	4
21294	629
213	111
21301	395
21308	17
21315	74
2132	1400
21322	38
21329	692
21336	17
21343	148
21350	54
21357	148
21364	10
21371	87
21378	62
21385	2241
2139	35
21392	1109
21399	45
21406	50
21413	2478
21420	190
21427	22
21434	7
21448	68
21455	45
2146	198
21462	2414
21469	998
21476	8
21490	38
21497	6511
21504	140
21511	2013
21518	53
21525	346
2153	41
21532	111
21539	10
21546	72
21553	4429
21560	3669
21567	1051
21574	953
21588	10
21595	109
2160	19
21602	230
21609	42
21616	72829
21623	66
21630	185
21637	45
21644	59
21651	36
21658	158
21665	34
2167	81
21672	18
21679	152
21686	80
21693	16
21700	34
21707	338
21714	47
21721	9
21728	8
21735	34
2174	20
21742	18
21749	113
21756	361
21763	56
21770	21
21777	3199
21784	301
21791	1626
21798	89
21805	4
2181	23
21812	9
21819	22
21826	13
21833	406
21840	11
21847	4038
21861	7
21868	1332
21875	139
2188	53
21882	100
21889	202
21896	79
21903	241921
21910	2387
21917	146
21924	19
21931	772
21938	55484
21945	21
2195	8
21952	42
21959	10
21966	63
21973	103
21980	100
21987	19
21994	6
220	7
22001	9
22008	1125
22015	515
2202	472
22022	135
22029	104
22036	24
22043	40
22050	30
22057	47
22064	287
22071	391
22078	108
22085	9
2209	19
22092	7
22099	53
22106	641
22113	3258
22120	918
22127	15
22134	29
22141	1433
22148	22
22155	33
2216	18
22162	17
22169	1199
22176	546
22183	117
22190	29
22197	129
22204	376
22211	388
22218	1779
22225	91
2223	5
22232	4
22239	23
22246	120
22253	22
22260	6380
22267	65
22274	141
22281	4196
22288	93
22295	209
2230	15
22302	45
22309	1327
22316	192
22323	19
22330	166
22337	244
22344	5
22351	4
22358	362
22365	668
2237	846
22372	1306
22379	6
22386	15
22393	12
22400	1437
22407	4
22414	530
22421	88
22428	463
22435	60
2244	11
22442	166
22449	54
22456	34
22463	397
22470	277
22477	62
22484	10
22491	1012
22498	55
22505	26
2251	8
22512	882
22526	377
22533	610
22540	7
22547	20
22554	11
22561	74
22568	175
22575	5
2258	39
22582	447
22589	25
22596	5
22603	25
22610	3050
22617	788
22624	606
22631	92
22638	228
22645	6
2265	360
22652	59
22659	22
22666	330
22673	159
22680	21
22687	105
22694	24
227	7
22701	35
22708	252
22715	62
2272	1934
22722	19
22729	27
22736	1861
22743	46
22750	1321
22757	149
22764	80
22771	72
22778	50
22785	16
2279	10
22792	106
22799	77
22813	20
22827	2793
22834	19
22841	9
22848	41
22855	89
2286	12
22862	182
22869	14
22876	109
22883	832
22890	3963
22897	81
22904	7
22911	49
22918	18
22925	124
2293	6
22932	18
22939	69
22946	17
22953	9
22960	4
22967	263
22974	429
22981	119
22988	25
22995	96
2300	27
23002	74
23009	83
23016	475
23023	197
23030	4
23037	368
23044	6045
23051	34
23058	68
23065	44
2307	7
23072	27
23079	703
23086	86
23093	43
23100	124
23107	32
23114	37
23121	26
23128	31
23135	55
2314	10434
23142	360
23149	9
23156	61
23163	11
23170	402
23177	477
23184	13
23191	502
23198	1378
23205	114
2321	95
23212	10
23219	3042
23226	203
23233	7177
23240	34
23247	9
23254	137
23261	6
23268	45
23275	14
2328	57
23282	1639
23289	47
23296	6374
23303	22
23310	19
23324	50
23331	36
23338	1054
23345	12
2335	71
23352	459
23359	61
23373	584
23380	44
23387	21
23394	11
234	158
23401	104
23408	4
23415	11
2342	32
23422	11
23436	60
23443	66
23450	88
23457	1187
23464	14
23471	9
23478	132
23485	280
2349	135
23492	139
23499	544
23506	67
23513	151
23520	77
23527	710
23534	171
23541	3040
23548	12
23555	39
2356	27
23562	20
23569	174
23576	2111
23583	48
23590	7
23597	22
23604	42
23611	46
23618	11
23625	576
2363	37
23632	10
23639	25
23646	541
23660	12
23667	26
23681	123
23688	43
23695	2154
2370	46
23702	6
23709	424
23716	1498
23723	252
23730	145
23737	1875
23744	1964
23751	35
23758	208
23765	7314
2377	82
23772	10
23779	47
23786	57
23793	80
23800	705
23807	66
23814	50
23821	734
23828	8
23835	1432
2384	7
23842	124
23849	8
23856	32
23863	27
23870	52
23877	16
23884	22
23891	28
23898	2157
23905	39
2391	678
23912	5
23919	1108
23926	485
23933	110
23940	11
23947	17
23954	8
23961	10
23968	47
23975	36
2398	138
23982	14
23989	183
23996	36
24003	408
24010	6562
24017	54
24024	14231
24031	97
24038	107
24045	20
2405	61
24052	18
24059	727
24066	32
24073	19
24080	21
24087	12
24094	72
241	46
24101	346
24108	4
24115	634
2412	26
24122	206
24129	1426
24136	79
24150	127
24157	725
24164	6
24171	12
24178	31
24185	241
2419	17
24192	7
24199	337
24206	47
24213	428
24220	24
24227	61
24234	174
24241	616
24248	282
24255	183
2426	1191
24262	21
24269	1114
24276	483
24283	209
24290	17
24297	338
24304	64
24311	186
24318	64
24325	122
2433	2594
24332	23
24339	498
24346	46
24353	13
24360	195
24367	6
24374	52
24381	4
24388	23
2440	7
24409	6
24416	4
24423	8
24430	27
24437	36
24444	14
24451	26
24458	758
24465	47
2447	2761
24472	36
24479	13
24486	97
24500	25
24507	748
24514	288
24521	1159
24528	174
24535	7338
2454	18
24542	178
24549	786
24556	23
24563	547
24570	39
24577	105
24584	106
24591	10
24598	32
24605	94
2461	6
24612	56
24619	119
24626	6
24633	111
24640	14
24647	5
24654	3615
24661	8
24668	657
24675	14
2468	229
24682	9
24689	43
24696	59
24703	1386
24710	222
24717	13
24724	100
24731	104
24738	10
24745	6
2475	247
24752	17
24759	7528
24766	41
24773	82
24780	351
24787	478
24794	11
248	6371
24801	24
24808	197
24815	21
2482	309
24822	42
24829	78
24836	5
24843	68
24850	5743
24857	1064
24864	288
24878	45
24885	10
2489	167
24892	13
24899	167
24906	365
24913	10
24920	611
24927	70
24934	8
24941	204
24948	162
24955	1425
2496	27
24962	24
24969	4
24976	64
24983	577
24990	42
24997	28
25004	18
25011	5
25018	26
25025	401
2503	54
25032	271
25039	6
25046	9
25053	39
25060	67
25067	22
25074	126
25081	272
25088	352
25095	402
2510	274
25102	54
25109	20
25116	48
25123	203
25130	99
25137	8
25144	1177
25151	8
25158	13
25165	171
2517	489
25172	34
25179	69
25186	152
25193	33
25200	16
25207	38
25221	211
25228	50
25235	13
2524	225
25242	394
25249	102
25256	5504
25263	45
25270	61
25277	4
25284	66
25291	32
25298	165
25305	1995
2531	21
25312	14
25319	54
25326	38
25333	10
25340	15301
25347	493
25354	203
25361	5
25368	499
25375	53
2538	711
25382	4
25389	22
25396	876
25403	66
25410	21
25417	24
25424	904
25431	40
25438	627
25445	9
2545	763
25452	41
25459	101
25466	13494
25480	177
25487	356
25494	675
255	53
25501	6
25508	33
25515	57
2552	1399
25522	497
25529	13
25536	36
25543	20
25550	136
25557	33
25571	20
25578	17
25585	10
2559	408
25592	40
25599	50
25606	14
25613	685
25620	6
25627	312
25634	468
25641	29
25648	243
25655	34
2566	352
25662	32
25669	54
25676	207
25683	420
25690	8
25697	4
25704	721
25711	4
25718	8971
25725	5
2573	1212
25732	121
25739	19
25746	349
25753	8653
25760	387
25767	3776
25774	11
25781	24
25788	5
2580	207
25802	469
25809	60
25816	13
25823	80
25830	2228
25837	6638
25844	1683
25851	33
25858	72
25865	171
2587	322
25872	1061
25879	972
25886	1857
25893	905
25900	66
25907	39
25914	29
25921	55
25928	15
25935	26
2594	40
25942	12
25949	5020
25956	57
25963	100
25970	405
25977	19
25984	23
25991	37
25998	149
26	334
26005	44
2601	93
26012	45
26019	6
26026	94
26033	38
26040	3329
26047	6044
26054	83
26061	185
26068	55
26075	60
2608	12
26082	132
26089	19
26096	3306
26103	12
26110	23
26124	416
26131	7223
26138	745
26145	154
2615	9
26152	1261
26159	37
26166	30
26173	37
26180	70
26187	433
26194	653
262	179
26201	4124
26208	100
26215	9
2622	483
26222	18
26229	27
26236	18
26243	173
26250	977
26257	184
26264	25
26271	8
26278	1577
26285	10
2629	167
26292	572
26299	21
26306	15
26313	188
26320	17
26327	37
26334	12
26341	12
26348	9955
26355	84
2636	229
26362	204
26369	29296
26376	842
26383	35
26390	372
26397	326
26404	18
26411	4
26418	13
26425	435
2643	1696
26432	62
26439	13
26446	8
26453	921
26460	143
26467	21
26474	37
26481	30
26488	712
26495	384
2650	8
26502	8
26509	549
26516	14
26523	7
26530	597
26537	8
26544	40
26558	608
26565	4
2657	626
26572	98
26579	197
26586	1217
26593	124
26600	79
26607	147
26614	21
26621	11
26628	98
26635	312
2664	2962
26642	35
26649	125
26656	19
26663	4
26670	125
26677	13
26684	140
26691	128
26698	1842
26705	9
2671	12
26712	165
26719	11
26726	63
26733	31
26740	35
26747	17
26754	355
26761	48
26768	2206
26775	5
2678	202
26782	8
26789	34
26796	16
26803	23
26810	584
26817	32
26824	100
26831	290
26838	58
26845	150
2685	18
26852	44
26859	64
26866	36
26873	318
26887	30
26894	784
269	8
26901	512
26908	35
26915	4429
2692	376
26922	930
26929	61
26943	11
26950	4
26957	62
26964	73
26971	188
26978	117
26985	1324
2699	41
26999	9
27006	23
27013	11
27020	5445
27027	340
27034	8
27041	113
27048	29
27055	1097
2706	62
27062	430
27069	157
27076	29
27083	16
27090	815
27097	8
27104	71584
27111	6
27118	39
27125	244
2713	836
27132	18
27139	22
27146	71
27153	21
27160	23
27167	67
27174	44
27181	11
27188	26
27195	7
2720	935
27202	127
27209	264
27216	703
27230	4
27237	600
27244	310
27251	15
27258	89
27265	37
2727	210
27272	37
27279	101
27286	756
27293	146
27300	19
27307	6351
27314	15
27321	127
27328	283
27335	682
2734	10
27342	22
27349	97
27356	3344
27363	2041
27370	473
27377	100
27384	7
27391	9
27398	2148
27405	288
2741	213
27412	5
27419	123
27426	5
27433	1310
27440	402
27454	4659
27461	158
27468	23
27475	606
2748	5159
27482	151
27489	83
27496	8
27503	169
27510	1177
27517	24
27524	68
27531	3663
27538	9
27545	8
2755	19
27552	15
27559	5
27566	8
27573	2000
27580	4
27587	9
27594	5
276	2454
27601	49
27608	1390
27615	7
2762	23
27622	226
27629	1654
27636	74
27643	142
27650	94
27657	134
27664	514
27671	346
27678	143
27685	70
27692	143
27699	20
27706	907
27713	108
27720	62
27727	14
27734	8
27741	1446
27748	271
27755	8
2776	179
27762	57
27769	108
27776	43
27783	1381
27790	2397
27797	69
27804	61
27811	1294
27818	19
27825	13
27832	77
27839	1597
27846	4
27853	40
27860	12
27867	14
27874	496
27881	4000
27888	981
27895	28
2790	176
27902	52
27909	51
27916	132
27923	12
27930	307
27937	211
27944	49
27951	868
27958	2055
27965	36
2797	163
27972	5
27979	572
27986	9
27993	36
28000	46
28007	171
28014	275
28021	2137
28028	43
28035	17
2804	7
28042	5
28049	5
28056	176
28063	6
28070	5
28077	38
28084	12
28091	32
28098	29
28105	37
28112	22
28119	15
28126	11
28133	9
28140	45
28147	339
28154	271
28161	40
28168	37
28175	491
2818	67
28182	8
28189	14
28196	255
28203	18
28210	11
28217	162
28224	27
28231	5
28238	376
28245	23
2825	13340
28252	350
28259	4
28266	82
28273	21
28280	98
28287	48
28294	39
283	3030
28301	53
28315	12
2832	514
28322	469
28329	105
28336	8
28343	47
28350	536
28357	274
28364	140
28371	1548
28378	2808
28385	68
2839	381
28392	31
28399	308
28406	11
28413	3515
28420	2153
28427	8996
28434	74
28441	1443
28448	636
28455	47
2846	8138
28462	38
28469	73
28476	11570
28483	125
28490	83
28497	6
28511	692
28518	422
28525	22
2853	126
28532	8
28539	11
28546	84
28553	8822
28560	659
28567	91
28574	434
28581	107
28588	25
28595	29
2860	13
28602	41
28609	462
28616	32
28623	89
28630	162
28637	13
28644	5
28658	11
28665	8
2867	10
28672	12
28679	6
28686	4
28693	48
28700	7
28707	19
28714	5
28721	143
28728	20
28735	15
2874	10
28742	30
28749	614
28756	973
28763	11
28770	137
28777	50
28784	74
28791	9
28798	394
28805	1165
2881	4
28812	24
28819	72
28826	1515
28833	165
28840	79
28847	32
28854	18
28861	15
28868	164
28875	27
2888	62
28882	20
28889	196
28896	116
28903	44
28910	42
28917	78
28924	74
28931	3470
28938	73
28945	189
2895	7
28952	83
28959	151
28966	136
28973	4
28980	50
28987	385
28994	49
290	81
29001	31
29008	34
29015	1018
2902	25
29022	26
29036	262
29043	10
29050	7
29057	59
29064	165
29071	875
29078	1233
29085	181
2909	8
29092	530
29099	11
29106	28
29113	18
29120	5
29127	8076
29134	26
29141	315
29148	6
29155	20
2916	9
29162	42
29169	47
29176	884
29183	9
29190	5
29197	4
29204	1060
29211	175
29218	8
29225	240
2923	1340
29239	142
29246	26
29253	6
29260	11
29267	59
29274	1028
29281	90
29288	17
29295	495
2930	25
29302	456
29309	1578
29316	42
29323	55
29330	70
29337	151
29344	1300
29351	6
29358	8
29365	21
2937	11
29372	65
29379	7
29386	6
29393	424
29400	26
29407	28
29421	23
29428	88
29435	40
2944	84
29442	746
29449	494
29456	30
29463	422
29470	162
29477	65
29484	294
29491	143
29498	44
29505	20
2951	5
29512	62
29519	20
29526	347
29533	5
29540	40
29547	75
29554	44
29561	15
29568	6
29575	75
2958	5
29582	406
29589	1028
29596	32
29603	2031
29610	192
29617	212
29631	22
29638	8
29645	31
2965	165
29652	14
29659	375
29666	123
29673	61
29687	60
29694	2682
297	42
29701	29
29708	39
29715	21
2972	167
29722	552
29729	8
29736	306
29743	53
29750	274
29757	121
29764	42
29771	6
29778	566
29785	151
2979	3870
29792	184
29799	43
29806	65
29813	102
29820	1229
29827	10
29834	71
29841	19
29848	2406
29855	54
2986	30
29862	138
29869	300
29876	47
29883	107
29890	27
29897	34
29904	82
29911	218
29918	7
29925	1124
2993	68
29932	38
29939	497
29946	6
29953	16
29960	221
29967	245
29974	825
29981	7
29988	34
29995	47
3000	5
30002	31
30009	15
30016	1181
30023	7
30030	35
30037	7
30044	18
30051	20
30058	125
30065	11
3007	2405
30072	133
30079	25
30086	149
30100	7
30107	73
30114	152
30121	1158
30128	7
30135	3699
3014	7
30142	1711
30156	9
30163	18
30170	1595
30177	17
30184	7
30191	803
30198	27
30205	95
3021	51
30212	129
30219	1280
30226	307
30233	32105
30240	153
30247	577
30254	59
30261	6
30268	34
30275	33
3028	12
30282	7
30303	16
30310	19
30317	26
30324	4
30331	7
30338	969
30345	39
3035	38
30352	1544
30359	4
30366	156
30373	30
30380	9
30387	380
30394	198
304	103
30401	11
30408	23
30415	70
3042	1287
30422	208
30429	23
30436	5
30443	5
30450	21490
30457	13
30464	332
30471	949
30478	75
30485	33
3049	45
30492	1317
30499	56
30506	572
30513	14
30520	132
30527	13
30534	271
30541	18
30548	273
30555	34
3056	52
30562	48
30569	205
30576	39
30583	474
30590	33
30597	2990
30604	944
30611	155
30618	681
30625	14
3063	47
30632	22
30639	9403
30646	30
30653	23
30660	4
30667	7
30674	48
30681	48
30688	38
30695	1627
3070	12
30702	397
30709	830
30716	44
30723	115
30730	138
30737	112
30744	629
30751	626
30758	11
30765	201
3077	14
30772	33
30779	89
30786	9
30793	8
30800	5
30807	25
30814	519
30821	63
30828	23
30835	9
3084	74
30842	189
30849	4529
30856	28
30863	91
30870	23
30877	261
30884	1349
30891	5
30898	516
30905	83
3091	80
30912	40
30919	446
30926	27
30933	103
30940	13
30947	44
30954	164
30961	22
30968	128
30975	1091
3098	3462
30982	94
30989	428
30996	362
31003	188
31010	11
31017	32
31024	6
31031	21
31038	80
31045	40
3105	127
31052	18
31059	189
31066	10774
31073	1142
31087	1066
31094	31
311	8212
31101	75
31108	9
31115	10
3112	11
31122	45
31129	65
31136	412
31143	24
31150	387
31157	18
31164	290
31171	4
31178	16
31185	49
3119	38
31199	44
31206	20
31213	128
31220	44
31227	5
31234	8
31241	15
31248	1177
31255	32
3126	1231
31262	157
31269	246
31276	18
31283	134
31290	16
31297	48
31304	47
31311	101
31318	17
31325	17
3133	5
31332	12
31339	9
31346	12
31353	11
31360	35
31367	5
31374	1138
31381	90
31388	556
31395	985
31402	24
31409	17
31416	249
31423	1019
31430	4
31437	239
31444	1442
31451	14
31458	89
31472	16
31479	45
31486	2148
31493	93
31500	99
31507	10
31514	38
31521	27
31528	1929
31535	166
3154	10
31542	110
31549	52
31556	16
31563	598
31570	21
31577	2674
31584	56
31591	24
31598	7
31605	1358
3161	265
31612	2819
31619	115
31626	29
31633	18
31640	5636
31647	419
31654	1124
31661	127
31668	14
31675	13
3168	53
31682	92
31689	146
31696	138
31703	7
31710	41
31717	69524
31724	528
31731	89
31738	13
31745	43
3175	39
31752	8
31759	7452
31766	8483
31773	73
31787	17
31794	43
318	14
31801	3094
31808	3053
31815	55
3182	51
31822	26
31829	408
31836	182
31843	26
31850	196
31857	56
31864	36
31871	536
31878	209
31885	18
3189	32
31892	30
31899	33
31906	6
31913	5
31920	5
31927	5866
31934	17
31941	8
31948	165
31955	1726
3196	22
31962	8
31969	97
31976	35
31983	10
31990	524
31997	1027
32004	188
32011	17
32018	2785
32025	6
3203	9
32032	96
32039	23
32046	6
32053	205
32060	36
32067	5
32074	5
32081	226
32088	19
32095	61
3210	5
32102	264
32109	856
32116	128
32123	41
32130	656
32137	46
32144	4
32151	871
32158	29
32165	53
3217	137
32172	99
32179	16
32186	6
32193	4
32200	529
32207	9
32214	50
32221	92
32235	564
3224	4
32242	53
32249	425
32256	506
32263	972
32270	58
32277	857
32284	187
32291	36
32298	5
32305	4
3231	588
32312	88
32319	47
32326	50
32333	220
32340	23
32347	2604
32354	18
32361	15
32368	88
32375	13
3238	58
32382	38
32389	10
32396	378
32403	9130
32410	28
32417	26
32424	131
32431	41
32438	250
32445	26
3245	527
32452	28
32459	37
32466	280
32473	15
32480	281
32487	24
32494	38
325	1104
32501	15
32508	164
32515	1094
3252	669
32522	5
32529	24
32536	9
32543	23
32550	381
32557	1304
32564	33
32571	18
32578	5518
32585	1989
3259	40
32592	63
32599	150
32606	29
32613	68
32620	5
32627	62
32634	19
32641	342
32648	2425
32655	25523
3266	191
32662	18
32669	40
32676	245
32683	69
32690	91
32697	16
32704	19
32711	131
32718	185
32725	18
3273	32
32732	1039
32739	313
32746	54
32753	583
32760	434
32767	24
32774	5
32781	1663
32788	88
3280	231
32802	4
32809	40
32816	128
32823	101
32830	10
32837	255
32844	33
32851	1800
32858	117
32865	10
3287	8
32872	9
32879	24
32886	189
32893	15
32900	91
32907	11
32914	6
32921	300
32928	6
32935	2079
3294	55
32942	567
32949	68
32956	8
32963	90
32970	7
32977	31
32984	30
32991	42
32998	43
33	32
33005	50
3301	9
33012	46
33019	11
33026	1306
33033	37
33040	25
33047	10
33054	11
33061	14
33068	86
33075	176
3308	3134
33082	55
33089	1277
33096	11
33103	49
33110	9
33117	361
33124	704
33131	55
33138	264
33145	32
3315	74
33152	160
33159	24
33166	41
33173	9
33180	64
33187	10
33194	128
332	49
33208	27
33215	299
3322	34
33222	569
33229	29
33236	287
33243	141
33250	37
33257	1143
33264	77
33271	14
33278	11
33285	35
3329	4
33292	4
33299	9
33306	5
33313	324
33320	1019
33327	43
33334	52
33341	6
33348	12
33355	27
3336	27
33362	274
33369	6
33376	101
33383	11
33390	5
33397	81
33404	18
33411	70
33418	25
33425	103
3343	13
33432	34
33439	1496
33446	30
33453	13
33460	378
33467	205
33474	113
33481	44
33488	121
33495	278
3350	13
33502	121
33509	818
33516	79
33523	132
33530	43
33537	143
33544	91
33551	10
33558	100
33565	355
3357	6
33572	7114
33579	239
33586	40
33593	325
33600	13
33607	19
33614	2826
33621	281
33628	20
33635	35
3364	42
33642	2004
33649	149
33656	20
33663	5
33670	14
33677	165
33684	54
33691	12
33698	289
33705	1863
3371	31
33712	43
33719	1042
33726	4
33733	49
33740	247
33747	606
33754	29893
33761	82
33768	15774
33775	46
3378	33
33782	993
33796	1083
33803	177
33810	2063
33817	74
33824	11
33831	16
33838	18
33845	4955
3385	38
33852	1860
33859	29
33866	6
33873	848
33880	38
33887	48
33894	4825
339	191
33901	4
33908	7
33915	37
3392	208
33922	49
33929	2885
33936	67
33943	194
33950	1716
33957	3515
33964	87
33971	33
33978	343
33985	276
3399	716
33992	11
33999	24
34006	13
34013	1164
34020	6
34027	2622
34034	2819
34041	68
34048	210
34055	665
3406	81
34062	75
34069	2367
34076	63
34083	138
34090	11
34097	4
34104	18
34111	359
34118	10
34125	31
3413	460
34132	7
34139	5
34146	434
34153	5
34160	3163
34167	118
34174	159
34188	19
34195	272
3420	460
34202	186
34209	744
34216	793
34223	18
34230	1633
34237	19
34244	1616
34251	6
34258	13
34265	29
3427	25
34272	10
34279	179
34286	10
34293	17
34300	984
34307	33
34314	27
34321	2157
34328	173
34335	4477
3434	1548
34349	115
34356	772
34363	63
34370	197
34377	190
34384	16
34391	63
34398	230
34405	264
3441	41
34412	102
34419	116
34426	54
34433	544
34440	4
34447	9
34454	59
34461	33
34468	9
34475	64
34482	32
34489	405
34496	1916
34503	1998
34510	6
34517	48
34524	346
34531	606
34538	11
34545	14
3455	21
34552	104
34559	68
34566	38
34573	301
34580	12
34587	20
34594	376
34601	555
34608	2687
34615	389
3462	9
34622	1203
34629	5
34636	16
34643	206
34650	337
34657	71
34664	651
34671	27
34678	754
34685	413
3469	1575
34692	15
34699	78
34706	1078
34713	159
34720	848
34727	26
34734	220
34741	5
34748	209
34755	715
3476	89
34762	25
34769	32
34776	109
34783	11
34790	56
34797	6
34804	48
34811	26
34818	13
34825	24
3483	21
34832	33
34839	11
34846	17
34853	38
34860	8
34867	516
34874	112
34881	431
34888	21
34895	20
3490	154
34902	56
34909	453
34916	64
34923	4
34930	72
34937	52
34944	45
34951	36
34965	11
3497	63
34972	7
34979	5
34986	1257
34993	4032
35000	91
35007	10
35014	18
35021	50
35028	17
35035	36
3504	23
35042	13525
35049	8
35056	169
35063	40
35070	829
35077	398
35084	584
35091	232
35098	43
35105	551
3511	55
35112	607
35119	68
35126	327
35133	47
35140	12816
35147	1231
35154	45
35161	375
35168	5868
35175	107
3518	264
35182	537
35189	8
35196	4
35203	27
35210	904
35217	3910
35224	313
35231	215
35238	4
35245	59
3525	84
35252	185
35259	16
35266	59
35273	47
35280	13
35287	409
35294	26
353	220
35301	13
35308	6
35315	321
3532	27
35322	24
35329	135
35336	5874
35343	577
35350	436
35357	120
35364	1228
35371	144
35378	893
35385	29
3539	1610
35392	173
35399	10
35406	712
35413	867
35420	771
35427	126
35434	43
35441	75
35448	19
35455	14
3546	454
35462	11
35469	2075
35476	14
35483	537
35490	33
35497	38
35504	2947
35511	16
35518	776
35525	16
3553	12
35532	27
35539	41
35546	442
35553	8
35560	329
35567	17
35574	5
35581	61
35588	107
35595	488
3560	332
35602	16
35609	75
35616	382
35623	11
35630	64
35637	32
35644	20
35651	71
35658	122
35665	787
3567	24
35672	440
35679	21
35686	12
35693	23
35700	13
35707	35
35714	148
35721	1172
35728	22
35735	19
3574	224
35742	360
35749	3515
35756	753
35763	27
35770	7
35777	84
35784	1076
35791	21
35798	63
35805	78
3581	51
35812	9
35819	1049
35826	406
35833	770
35840	57
35847	99
35854	13
35861	64
35868	88
35875	27
3588	40
35882	18
35889	84
35896	12
35903	292
35910	22
35917	361
35924	24
35931	23
35938	29
35945	30
3595	49
35959	5
35966	12
35973	2837
35980	192
35987	7
35994	25
360	209
36001	40
36008	7
36015	6
3602	9
36022	5
36029	686
36036	5436
36043	28
36050	187
36057	96
36064	292
36071	49
36078	16
36085	4081
3609	154
36092	19
36099	653
36106	841
36113	5
36127	6220
36134	13
36141	10
36148	183
36155	14
3616	693
36162	239
36169	8
36176	221
36183	935
36190	9
36197	15
36204	36
36211	29
36218	16
36225	44
36232	32
36239	186
36246	131
36253	1496
36260	182
36267	300
36274	1042
36281	15
36288	13
36295	5
36302	25
36309	6
36316	9496
36323	330
36330	26
36337	70
36344	22
36351	48
36358	36
36365	110
3637	41
36372	349
36379	91
36386	1102
36393	2447
36400	75
36407	85
36414	10
36421	20
36428	14
36435	37
3644	12
36442	144
36449	19
36456	264
36463	375
36470	28
36477	6
36484	208
36491	4
36498	105
36505	24
3651	614
36512	87
36519	377
36526	294
36533	734
36540	11
36547	40
36554	1682
36561	408
36568	40
36575	4
3658	445
36582	11
36589	37
36596	173
36603	470
36610	88
36617	120
36624	807
36631	4
36638	85
36645	9
3665	313
36652	10
36659	54
36666	93
36673	42
36680	344
36687	483
36694	28
367	135
36708	4
3672	259
36722	51
36729	478
36736	2607
36743	116
36750	95
36757	21
36764	1658
36771	62
36778	5
36785	53
3679	22
36792	3157
36799	95
36806	14
36813	71
36820	4
36827	9
36834	7
36841	15
36848	2250
36855	60
3686	17
36862	11
36869	1445
36876	18
36883	15
36890	18
36897	192
36904	67
36911	33
36918	207
36925	7
3693	412
36932	61
36939	1102
36946	14
36953	1461
36960	23
36967	110
36974	10
36981	165
36988	527
36995	20
3700	31
37002	487
37009	133
37016	76
37023	6
37030	238
37037	20
37044	235
37051	78
37058	4
37065	7912
3707	16
37072	168
37079	13
37086	373
37093	10
37100	5
37107	4486
37114	56
37121	426
37128	19
37135	41
3714	248
37142	116
37149	27
37156	459
37163	108
37170	120
37177	8
37184	18
37191	8
37198	100
37205	12
3721	854
37212	89
37219	11
37226	22
37233	114
37240	6
37247	726
37261	13
37268	20
37275	28
3728	4
37282	45
37289	333
37296	9
37303	39
37310	10
37317	3283
37324	22
37331	18
37338	35
37345	19
3735	18
37352	184
37359	558
37366	232
37373	7
37380	64
37387	63
37394	43
374	16
37401	54
37408	45
37415	17
3742	39
37422	144
37429	13
37436	1134
37443	13
37450	99
37457	18
37464	5615
37471	44
37478	1104
37485	103
3749	22
37492	127
37499	35
37506	328
37513	22
37520	1025
37527	269
37534	11
37541	17
37548	63
37555	16
3756	529
37562	77
37569	74
37576	527
37583	4
37590	392
37597	9
37604	77
37611	990
37618	9
37625	1501
3763	24
37632	30
37639	33
37646	72846
37653	13
37667	8
37674	457
37681	655
37688	138
37695	55
3770	12
37702	24
37709	676
37716	31
37723	146
37730	12
37737	55
37744	127
37751	213
37758	6
37765	347
3777	48
37772	7
37779	19
37786	7
37793	5
37800	134
37807	1115
37814	6
37821	6
37828	10
37835	357
3784	142
37842	63
37849	2109
37856	4
37863	15
37870	20
37877	139
37884	8
37891	226
37898	7
37905	15
3791	82
37912	475
37919	3087
37926	20
37933	495
37940	4167
37947	4244
37954	30
37961	5
37968	20
37975	203
3798	4975
37982	440
37989	22
37996	72
38003	3029
38010	13
38017	17
38024	79
38031	33
38038	9
3805	121
38052	87
38059	8
38066	14
38073	155
38080	22
38087	303
38094	89
381	33
38101	8
38108	2917
38115	131
3812	12
38122	29
38129	581
38136	14
38143	15
38150	224
38157	130
38164	12905
38171	17
38178	19
38185	4990
3819	1655
38192	4021
38199	31
38206	8
38220	53
38227	71
38234	181
38241	3594
38248	1737
38255	617
3826	441
38262	47
38269	58
38283	26
38290	458
38297	183
38304	11
38311	1970
38318	1898
38325	160
38332	29
38339	15
38346	71
38353	133
38360	134
38367	6
38374	5003
38381	296
38388	68
38395	924
3840	796
38402	57
38409	18
38416	642
38423	5
38430	663
38437	19
38444	6153
38451	38
38458	7
38465	1187
3847	1028
38472	14
38479	72
38486	152
38500	15
38507	6
38514	219
38521	31
38528	10
38535	24
3854	188
38542	28
38549	23
38556	55
38563	3433
38570	48
38577	8
38584	184
38598	133
38605	9
3861	713
38612	25
38626	22
38633	9
38640	4
38647	4163
38654	8
38661	59
38668	29
38675	42
3868	1449
38682	46
38689	35663
38696	37
38703	223
38710	19
38717	65
38724	7
38731	31
38738	125
38745	24
3875	5
38752	17
38759	7
38766	162
38773	280
38780	20
38787	34
38794	52
388	388
38801	53
38815	75
3882	12
38822	53
38829	65
38836	11
38843	12
38850	35
38864	6
38871	63
38878	10
38885	400
3889	7
38892	401
38899	7
38906	10
38913	21
38920	193
38927	39
38934	24
38941	304
38948	1089
38955	16
3896	11705
38962	29
38969	132
38976	13
38983	24
38990	141
38997	1011
39004	247
39011	5
39018	11
39025	15
3903	58
39032	3498
39039	9
39046	4068
39053	19
39060	14
39067	97
39074	6
39081	39
39088	8
39095	33
3910	56
39102	19
39109	25
39116	344
39123	20
39130	458
39137	400
39144	5
39151	6
39158	35
39165	30
3917	1131
39172	90
39179	58
39186	99
39193	8
39200	1009
39207	4
39214	45
39221	11
39228	816
39235	84
3924	10
39242	456
39249	895
39256	191
39263	7
39270	272
39277	436
39284	138
39291	39
39298	317
39305	72
3931	205
39312	49
39319	5
39326	24
39333	8
39340	7
39347	7
39354	22
39361	140
39368	59
39375	1180
3938	51
39382	21
39389	56
39396	114
39403	38
39410	14
39417	26
39424	99
39431	476
39438	11
39445	72
3945	7
39452	417
39459	581
39466	7
39473	13
39480	9
39487	109
39494	74
395	29
39501	146
39508	23
39515	15
3952	18341
39529	515
39536	21
39543	88
39550	666
39557	1288
39564	150
39571	30
39578	2629
39585	8
3959	397
39592	37
39599	285
39606	70
39613	27
39620	1168
39627	46
39634	14
39641	5
39648	85
39655	13
3966	36
39662	193
39669	29
39676	696
39683	215
39690	4
39697	86
39704	142
39711	33
39718	46
39725	66
3973	47
39732	3575
39739	914
39746	78
39753	8
39760	212
39767	34
39774	297
39781	2119
39788	5
39795	12
39802	249
39809	46
39816	59
39823	196
39830	11
39837	334
39844	3399
39851	6
39858	1023
39865	7
3987	7
39872	16
39879	33
39886	1848
39893	7
39900	97
39907	4
39914	5
39921	5134
39928	50141
39935	21
3994	10
39942	99
39949	17
39956	25
39963	76
39970	7
39977	2014
39984	15954
39991	471
39998	6
40	79
40005	55
4001	866
40012	121
40019	28
40026	46
40040	19
40047	480
40054	1333
40061	6
40068	416
40075	10
4008	16
40082	60
40089	27
40096	4
40103	41
40110	252
40117	79
40124	150
40131	222
40138	14
40145	711
40152	77
40159	12
40166	182
40173	546
40180	418
40187	8
40194	183
402	58
40201	26
40208	1070
40215	629
4022	106
40222	4
40229	5519
40236	908
40243	4
40250	18
40257	49
40264	16
40271	285
40278	912
40285	2222
4029	1572
40292	297
40299	666
40306	53
40313	395
40320	7
40327	7
40334	1609
40341	17
40348	6023
40355	89
4036	13
40362	30
40369	7
40376	2956
40383	34
40390	20
40397	1249
40404	157
40411	2717
40418	70
40425	120
4043	11
40432	6
40439	64
40446	134
40453	93
40460	57
40467	759
40474	80
40481	105
40488	188
40495	10
4050	18
40509	10
40516	12495
40523	15
40530	375
40537	55
40544	77
40551	6
40558	20
40565	109
4057	26
40572	89
40579	20
40586	400
40593	6975
40600	782
40607	19
40614	359
40621	1128
40628	17
40635	43
4064	19
40642	93
40649	7
40656	665
40663	529
40670	312
40677	82
40684	4
40691	1939
40698	9
40705	92
4071	781
40712	822
40719	13
40726	25
40733	171
40740	45
40754	23
40761	2832
40768	12
40775	650
4078	76
40782	24
40789	787
40796	6
40803	30
40810	144
40817	597
40824	777
40831	28
40838	86
40845	9
4085	294
40852	4650
40859	552
40866	237
40873	323
40880	158
40887	64
40894	4
409	8
40901	44
40908	8
40915	72
4092	7
40922	19
40929	98
40936	10
40943	52
40950	6
40957	11
40964	7
40971	7
40978	11
40985	16
4099	9
40992	4238
40999	56
41006	1768
41013	189
41020	28
41027	35
41034	21
41041	58
41048	12
41055	2586
4106	59
41062	153
41069	16
41076	9
41083	391
41090	20
41097	55
41104	13
41111	230
41118	242
41125	417
4113	80
41132	4
41139	81
41146	54
41153	78
41160	5
41167	14
41174	71
41181	5
41188	10
41195	526
4120	10
41202	11
41209	169
41216	231
41223	506
41230	115
41237	164
41244	12
41251	7
41258	8
41265	27
4127	16
41272	799
41279	12
41286	44
41293	381
41300	19
41307	4
41314	59
41321	4
41328	889
41335	126
4134	213
41342	14
41349	623
41356	63
41363	1315
41370	177
41377	593
41384	7
41391	569
41398	87
41405	87
4141	131
41412	37
41419	216
41426	37
41433	2083
41440	7
41447	107
41454	27
41461	301
41468	428
41475	263
4148	20
41482	48
41489	17
41496	68
41503	123
41510	318
41517	112
41524	97
41531	58
41538	5
41545	493
4155	16
41552	12
41559	456
41566	42
41580	575
41587	36
41594	581
416	31
41601	174
41608	185
41615	83
4162	1264
41622	4
41629	131
41636	228
41643	136
41650	482
41657	74
41664	108
41671	396
41678	283
41685	10
4169	167
41692	342
41699	627
41706	89
41713	42
41720	1094
41727	53
41734	37
41741	126
41748	79
41755	351
4176	248
41762	6
41769	15
41776	139
41783	340
41797	21
41804	67
41811	309
41818	35
41825	67
4183	4
41832	66
41839	53
41846	60
41853	29
41860	2670
41867	46
41874	2425
41881	55
41888	49
41895	5
4190	63
41902	33
41909	2380
41930	202
41937	8
41944	6
41951	166
41958	446
41965	39
4197	58
41972	1384
41979	47
41986	11
41993	16
42000	15
42007	40
42014	455
42021	6
42028	1023
42035	163
42042	10
42049	519
42056	33
42063	958
42070	33
42077	72
42084	163
42091	1266
42098	44
42105	825
4211	18
42112	263
42119	35
42126	104
42133	14
42140	11
42147	28
42154	121
42161	13
42168	10
42175	31
4218	14
42182	37
42189	166
42196	10
42203	86
42210	415
42217	25
42224	681
42231	363
42238	49
42245	18
4225	10
42252	1075
42259	38
42266	8
42273	56
42280	10
42287	36
42294	1179
423	6
42301	24
42308	40
42315	2743
4232	1270
42322	51
42329	206
42336	58
42343	27
42350	277
42357	150
42364	152
42371	9
42378	7
42385	74
4239	8
42392	996
42399	495
42406	393
42413	170
42420	22
42427	21
42434	40
42441	1882
42448	7
42455	562
4246	4
42462	93
42469	1096
42476	25
42483	968
42490	177
42497	50
42504	1636
42511	174
42518	1096
42525	43
4253	71
42532	49
42539	6
42546	10
42553	78
42560	15
42567	125
42574	114
42581	12
42588	12
42595	20
4260	13
42602	78
42609	110
42616	33
42623	402
42630	10
42637	2430
42644	258
42651	9
42658	351
42665	137
4267	106
42672	246
42679	4
42686	295
42693	462
42700	233
42707	35
42714	35
42721	215
42728	406
42735	975
4274	2706
42742	122
42749	63
42756	759
42763	27
42770	74
42777	365
42784	47
42791	600
42798	20
42805	171
4281	174
42812	284
42819	15
42826	27
42833	201
42840	733
42847	169
42854	19
42861	89
42868	96
42875	8
4288	1247
42882	180
42889	48
42896	213
42903	778
42910	49
42917	9
42924	4
42931	254
42938	489
42945	72
4295	91
42952	61
42959	1478
42966	17
42973	11
42980	232
42987	2130
42994	7
430	9
43001	163
43008	139
43015	82
4302	2772
43022	9
43029	240
43036	16
43043	9
43050	724
43057	60
43064	51
43071	4
43078	28
43085	18
4309	20
43092	5
43099	48
43106	119
43113	51
43120	61
43127	189
43134	8
43141	18
43148	612
43155	38
4316	36
43162	40
43169	5
43176	74
43183	4454
43190	136
43197	22
43204	27
43211	84
43218	1551
43225	50
4323	12
43232	147
43239	91
43246	81
43253	156
43260	17
43267	18
43274	56
43281	12
43288	107
43295	26307
4330	9
43302	20
43309	32
43316	14
43323	10
43330	72
43337	78
43344	9
43351	369
43358	13
43365	143
4337	16
43372	24
43379	608
43386	98
43393	6
43400	86
43407	62
43414	26
43421	2275
43428	1241
43435	310
4344	624
43442	927
43449	6
43456	108
43463	1052
43470	68
43477	6
43484	876
43491	58
43498	33
43505	10
4351	59
43512	518
43519	311
43526	14
43533	37
43540	110
43547	42
43554	36
43561	13
43568	2776
43575	218
4358	23
43582	132
43589	36
43596	34
43603	19
43610	9
43617	64
43624	15
43631	6720
43638	659
43645	722
4365	239
43652	7
43659	1081
43666	180
43673	914
43680	74
43687	278
43694	106
437	8
43701	5
43708	8
43715	500
4372	612
43722	15
43729	56
43736	154
43743	551
43750	321
43757	43
43764	545
43771	8
43785	29
4379	14
43792	105
43799	404
43806	75
43813	7
43820	69
43827	118
43834	10
43841	63
43848	11
43855	7
4386	23
43862	16
43869	35
43876	871
43890	76
43897	10
43904	986
43911	26
43918	12
43925	33
4393	71
43932	57
43939	11
43946	60
43953	231
43960	252
43967	5315
43974	319
43981	13
43988	1678
43995	70
4400	63
44002	27
44009	98
44016	151
44023	82
44030	28
44037	58
44044	101
44051	1867
44058	35
44065	13
4407	6
44072	336
44079	11
44086	101
44093	8
44100	871
44107	179
44114	7
44121	75
44128	33
44135	25
4414	110
44142	43009
44149	108
44156	7639
44163	11
44170	2008
44177	2056
44184	33
44191	9
44198	29
44205	110
4421	12230
44212	203
44219	627
44226	25
44233	2159
44240	59
44247	98
44254	426
44261	111
44268	1027
44275	2789
4428	3717
44282	556
44289	518
44296	178
44303	4094
44310	6005
44317	101
44324	11
44331	422
44338	111
44345	23
4435	9
44352	420
44359	68091
44366	701
44373	4
44380	42
44387	23
44394	78
444	101
44401	17
44408	754
44415	43
4442	316
44422	20140
44429	14
44436	48
44443	209
44450	6
44457	435
44464	16
44471	6315
44478	18
44485	116
4449	4
44492	449
44499	39
44506	28
44513	9
44520	7
44527	100
44534	169
44541	74
44548	5417
44555	7
4456	72
44562	744
44576	9
44583	15
44590	371
44604	392
44611	334
44618	210
44625	2118
4463	66
44632	75886
44639	11
44653	26
44660	112
44667	420
44674	27
44681	58
44688	43
44695	41
4470	69
44702	228
44709	47
44716	184
44723	10
44730	23
44737	79
44744	14
44751	16
44758	13
44765	12191
4477	324
44772	109
44779	116
44786	2272
44793	10
44800	17
44807	22
44814	70
44821	93
44828	855
44835	18
4484	4
44842	37
44849	108
44856	32
44863	103
44870	933
44877	20
44884	4
44891	37
44898	181
44905	44
44912	4041
44919	435
44926	1551
44933	11
44940	26
44947	33
44954	229
44961	2231
44968	425
44975	114
4498	193
44989	839
44996	93
45003	171
45010	100
45017	40
45024	113
45031	34
45038	8
45045	1168
4505	38
45052	14
45059	114
45066	79769
45073	914
45080	46
45094	551
451	9
45101	7
45108	32
45115	32
4512	13
45122	6
45129	69
45136	22
45143	1293
45150	349
45157	24
45164	11
45171	27
45178	7
45185	858
4519	169
45192	369
45199	20
45206	5
45213	93
45220	71
45227	56
45234	1045
45241	70
45248	22
45255	101
4526	17
45262	25
45269	106
45276	126
45283	295
45290	3217
45297	67
45304	9
45311	609
45318	320
45325	102
4533	803
45332	34
45339	32
45346	497
45353	79
45360	35
45367	9
45374	3933
45381	40
45388	114
45395	18
4540	248
45402	155
45409	9
45416	1009
45423	73
45437	4655
45444	12
45451	12
45458	49
45465	122
4547	11
45472	122
45486	6
45493	252
45500	705
45507	6
45514	5
45521	158
45528	237
45535	17716
4554	32
45542	211
45549	87
45556	12
45563	73
45570	6812
45577	164
45584	531
45591	66
45598	19
45605	9
4561	21
45612	84
45619	810
45626	13
45633	17140
45640	74
45647	412
45654	14
45661	21
45668	542
45675	37
4568	32
45682	780
45689	10
45696	72
45703	52
45710	77
45717	288
45724	162
45731	34
45738	31
45745	31
4575	63
45752	21
45759	204
45766	131
45773	18
45780	41
45787	373
45794	80
458	16
45801	322
45808	10
45815	840
4582	36
45822	216
45829	23
45836	59
45850	466
45857	8
45864	203
45871	46
45878	86
45885	456
4589	785
45892	10
45899	12
45906	1142
45913	262
45920	335
45927	172
45934	11
45941	24
45948	8564
45955	747
4596	29
45962	22
45969	39
45976	19
45983	16
45990	76
45997	13
46004	98
46011	311
46018	48
46025	1404
4603	62
46032	54
46039	94
46046	10
46053	111
46060	486
46067	13
46074	11
46081	9
46088	5844
46095	99
4610	112
46102	6
46109	53
46116	47
46123	331
46130	6
46137	25
46144	83
46151	4
46158	8
46165	6
4617	26
46172	105
46179	92
46186	6
46193	67
46200	121
46207	17
46221	16
46228	110
46235	496
4624	9
46242	178
46249	13
46256	319
46263	8
46270	419
46277	119
46284	572
46291	9
46298	12
46305	514
4631	22
46312	12
46319	34
46326	442
46333	116
46340	5
46347	1952
46354	56
46361	1082
46368	26
46375	72
4638	232
46382	115
46389	59
46396	36
46403	53
46410	440
46417	109
46424	71
46431	131
46438	19
46445	15
4645	263
46452	11
46459	18
46466	86
46473	3162
46480	138
46487	67
46494	8
465	80
46501	58
46508	12
46515	1035
4652	228
46522	7969
46529	50
46536	21
46543	29
46550	4
46557	133
46564	55
46571	17
46578	29
46585	41
4659	361
46592	15
46599	7
46606	95
46613	23
46620	1073
46627	1966
46634	39
46641	47
46648	20
4666	24
46662	77
46669	277
46676	26878
46683	63
46690	33
46697	507
46704	12
46711	45
46718	27
46725	268
4673	514
46732	22
46739	24
46746	38
46753	13
46760	5
46767	9
46774	32
46781	34
46788	56
46795	24
4680	29
46802	24950
46809	10
46816	16
46823	1214
46830	22
46837	20
46844	1797
46851	36
46858	17
46865	71
4687	722
46872	19
46879	8
46886	8368
46893	108
46900	6499
46907	29
46914	235
46921	121
46928	87
46935	305
4694	75
46942	93
46949	333
46956	35
46963	9
46970	27
46977	41
46984	1416
46991	46
46998	5
47	333
47005	615
4701	88
47012	26
47019	21
47026	572
47033	20
47040	248
47047	38
47054	15
47061	402
47068	5
47075	16
4708	76
47082	36
47089	140
47096	32
47103	25
47110	19
47117	418
47124	23
47131	137
47138	125
47145	3094
4715	152
47152	146
47159	24
47166	251
47173	7
47180	451
47187	366
47194	279
472	23
47201	30
47208	18
4722	121
47222	378
47229	4330
47236	5
47243	55
47250	30
47257	64
47264	22
47271	209
47278	59
47285	8
4729	147
47292	22
47299	46
47306	4
47313	114
47320	8
47327	137
47334	147
47341	9
47348	1530
47355	19
4736	332
47362	65
47369	46
47376	290
47383	93
47390	103
47397	231
47404	176
47411	6
47418	125
47425	92
4743	55
47432	26
47439	2279
47446	28
47453	20
47460	5
47467	11
47474	19
47481	99
47488	25
47495	75
4750	16
47502	122
47509	481
47516	1487
47523	4
47530	7
47537	998
47544	9
47551	343
47558	12
47565	64
4757	46
47572	21
47579	12
47586	100
47593	6
47600	10
47607	58
47614	63
47621	1871
47628	10
47635	8
4764	11
47642	115
47649	51
47656	93
47663	143
47670	5
47677	66
47684	70
47691	29
47698	143
47705	11
4771	74
47712	84
47719	1079
47726	146
47733	7
47740	1338
47747	123
47754	25
47761	224
47768	24
47775	40
4778	3744
47782	14
47789	33
47796	12
47803	187
47810	73
47817	476
47824	237
47831	109
47838	201
47845	577
4785	13
47852	264
47859	7
47866	6515
47873	2008
47880	7
47887	11
47894	21
479	24
47901	83
47915	239
4792	4739
47922	4
47929	70
47936	63
47943	1278
47950	331
47957	104
47964	39
47971	58
47978	314
47985	122
4799	36365
47992	513
47999	9
48006	100
48013	12
48020	58
48027	26
48034	2377
48041	436
48048	37
48055	4
4806	13
48062	79
48069	30
48076	79
48083	87
48090	305
48097	455
48104	8019
48111	4
48118	2034
48125	11
4813	461
48132	260
48139	33
48146	24
48160	38
48167	143
48174	988
48181	192
48188	19
48195	12
4820	20
48202	6
48209	6
48216	37
48223	403
48230	3994
48237	16
48244	86
48251	56
48258	15
48265	26
4827	70
48272	5
48279	7
48286	18
48293	19
48300	6
48307	76
48314	10
48321	74
48328	159
48335	3233
4834	179
48342	8
48349	8
48356	361
48363	26
48370	3934
48377	567
48384	29
48391	8
48398	363
48405	4
4841	6
48412	44
48419	27
48426	289
48433	57
48440	2254
48447	11
48454	793
48468	74
48475	6
4848	115
48482	5
48489	95
48496	70
48503	19
48510	48
48517	90
48524	509
48531	142
48538	183
48545	5
4855	1790
48552	636
48559	8910
48566	142
48573	39
48580	28
48587	174
48594	116
486	1729
48601	7
48608	34
48615	72
4862	227
48622	948
48629	9
48636	108
48643	14
48650	49
48657	398
48664	29
48671	11
48678	11
48685	166
4869	26
48692	78
48699	5
48706	977
48713	117
48720	5391
48727	10
48734	228
48741	55
48748	21
48755	209
4876	32
48762	2559
48769	130
48776	131
48783	152
48790	629
48797	220
48804	16
48811	101
48818	41
48825	1574
4883	82
48832	16
48839	37
48846	33
48853	8
48860	31
48867	41
48874	164
48881	310
48888	397
48895	70
4890	71
48902	114
48909	9
48916	262
48923	113
48930	60
48937	29
48944	82
48951	8
48958	8
48965	527
4897	375
48972	92
48979	11
48986	55
48993	23
49000	26
49007	789
49021	68
49028	141
49035	162
4904	11
49042	7
49049	88
49056	7
49063	18
49070	190
49077	21
49084	22
49091	28
49098	3555
49105	62
4911	8
49112	1035
49119	74
49126	265
49133	30
49140	151
49147	28
49161	34
49168	22
49175	10829
4918	17
49182	70
49189	89
49203	25
49210	7
49217	1684
49224	492
49245	37
4925	141
49252	30
49259	257
49266	68
49273	3624
49280	14
49287	97
49294	117
493	342
49301	87
49308	60
49315	173
4932	4474
49322	15
49329	53
49336	10
49343	6
49350	195
49357	4
49364	15
49371	90
49378	92
49385	318
4939	157
49392	25
49399	43
49406	17
49413	92
49420	13
49427	44
49434	16
49441	1541
49448	120
49455	7
4946	25
49462	50
49469	15
49476	676
49483	17
49490	37
49497	680
49504	175
49511	178
49518	1155
49525	50
4953	7
49532	12
49539	35
49546	8
49553	13
49560	141
49567	316
49574	30
49581	12
49588	647
49595	10
4960	1816
49602	95
49609	1250
49616	139
49623	5
49630	537
49637	289
49644	621
49651	31
49658	46
49665	106
4967	291
49672	14
49679	132
49686	120
4974	159
4981	301
4988	283
4995	213
500	1770
5002	582
5009	164
5016	10
5023	346
5030	5
5037	38
5044	13
5051	49
5058	37
5065	407
507	78
5072	155
5079	36
5086	1049
5093	12
5100	361
5107	6
5114	5097
5121	5
5128	1194
5135	28
514	68
5142	7
5149	25
5156	42
5163	181
5170	15
5177	20
5184	1814
5191	13
5198	310
5205	195
521	436
5212	24534
5219	6
5226	25
5233	199
5240	8153
5247	190
5254	18
5261	7
5268	1350
5275	331
528	30
5282	185
5289	7
5296	2373
5303	1624
5310	11
5317	11
5324	5
5331	218
5338	127
5345	8
535	152
5352	4
5359	12
5366	37
5373	10303
5380	3067
5387	15
5394	48
54	1095
5401	26
5408	40
5415	540
542	12
5422	2272
5429	9
5436	448
5443	7
5450	49021
5457	87
5464	148
5471	99
5478	32
5485	479
549	38
5492	70
5499	1530
5506	19
5513	209
5520	39
5527	8
5534	215
5541	4
5548	31
5555	22
556	5
5562	7
5569	166
5576	114
5583	7
5590	90
5597	649
5604	13
5611	18
5618	6127
5625	30
563	94
5632	177
5639	53
5646	15302
5653	990
5660	5
5667	8
5674	47
5681	172
5688	128
5695	276
570	4
5702	81
5709	15
5716	1335
5723	419
5730	141
5737	683
5744	1373
5751	5
5758	20
5765	7
577	141
5772	10
5779	187
5786	32
5793	298
5800	18
5807	79
5814	13
5821	103
5828	32
5835	84
584	184
5842	7
5849	17
5856	279
5863	22
5870	57
5877	44
5884	2845
5891	164
5898	29
5905	41
591	55
5912	2551
5919	88
5926	23
5933	2941
5940	5
5947	340
5954	33
5961	82
5968	95
598	113
5982	33
5989	1615
5996	49
6003	786
6010	10
6017	33
6031	233
6038	6
6045	7
605	4258
6052	3268
6059	17
6066	581
6073	396
6080	89
6087	1726
6094	58
61	17
6101	3279
6108	61
6115	18
612	70
6122	79
6129	144
6136	35
6143	68
6150	123
6157	40
6164	103
6171	15
6178	638
6185	32
619	7
6192	96
6199	28
6206	11
6213	754
6220	81
6227	321
6234	185
6241	61
6248	109
6255	130
626	662
6262	22
6269	197
6276	141
6283	25
6290	103
6297	3621
6304	49
6311	26
6318	445
6325	12
633	357
6332	128
6339	8
6346	22
6353	10
6360	189
6367	35
6374	510
6381	399
6388	560
6395	97
640	402
6402	526
6409	17
6416	605
6423	128
6430	59
6437	38
6444	29
6451	6
6458	210
6465	9
647	7
6472	145
6479	4
6486	15
6493	297
6500	148
6507	295
6514	9
6521	52
6528	74
6535	10
654	15
6542	7
6549	294
6556	38
6563	68
6570	60
6577	6
6584	11
6591	11
6598	750
6605	20
661	17
6612	122
6619	49
6626	33
6633	29
6640	7
6647	1327
6654	11
6661	251
6668	152
668	123
6682	206
6689	724
6696	6
6703	23
6710	27
6717	5
6724	330
6731	117
6738	52
6745	28
675	125
6752	5
6759	8
6766	16
6773	26
6780	19
6787	51
6794	12
68	62
6801	446
6808	575
6815	102
682	78
6822	382
6829	340
6836	5
6843	46
6850	53
6857	122
6864	11
6871	1825
6878	1762
6885	58
689	25
6892	307
6899	213
6906	8
6913	50
6920	181
6927	674
6934	284
6941	5
6948	10060
6955	21
696	10
6962	1538
6969	108
6976	47
6983	12
6990	14
6997	33
7004	166
7011	9
7018	583
7025	4
703	804
7039	171
7046	16
7053	58
7060	115
7067	240
7074	7
7081	8
7088	3823
7095	267
710	10
7102	7
7109	9
7116	1930
7123	384
7130	434
7137	5
7144	11
7151	238
7158	946
7165	306
717	1474
7172	21
7179	4806
7186	295
7193	6
7200	210
7221	35
7228	1805
7235	37
724	102
7242	74
7249	1705
7256	166
7263	28
7270	223
7277	123
7284	18
7298	21
7305	33
731	69
7312	65
7319	7
7326	433
7333	221
7340	20
7347	306
7354	373
7361	3970
7375	9
738	649
7382	26
7389	157
7396	133
7403	239
7410	18
7417	39
7424	11
7431	176
7438	43
7445	11
745	9
7452	519
7459	37
7473	49
7480	618
7487	127
7494	124
75	102
7501	417
7508	263
7515	1384
752	33
7522	357
7529	14
7536	9
7543	14
7550	4
7557	233
7564	35
7571	482
7578	23
7585	135
759	112
7592	13
7599	15
7606	1165
7613	11
7620	117
7627	51
7641	918
7648	1001
7655	8
766	429
7662	90
7669	1198
7676	3303
7683	15
7690	92
7697	16
7704	2463
7711	9
7718	137
7725	58
773	8
7732	5
7739	68
7746	5482
7753	1802
7760	26
7767	10
7774	130
7781	34209
7788	739
7795	102
780	638
7802	17
7809	50
7816	43
7823	30
7830	201
7837	890
7844	6
7851	102
7858	7
7865	71
787	5
7872	322
7879	34
7886	347
7893	723
7900	28
7907	179
7914	493
7921	65
7928	16
7935	4
794	813
7942	5
7949	11
7956	9
7963	13715
7970	346
7977	75
7984	33
7991	64
7998	107
8	165
8005	17
801	31
8012	4431
8026	30
8033	87
8040	19
8047	487
8054	19
8061	2029
8068	36
8075	2414
808	12
8082	8
8089	68
8096	106
8103	1214
8110	16
8117	52
8124	10
8131	26
8138	8170
8145	12
815	9
8152	7
8159	33
8166	11
8173	824
8180	201
8187	110
8194	138
82	35
8201	13
8208	11
8215	7
822	7
8222	18
8229	656
8236	124
8243	7
8257	214
8264	217
8271	50
8278	159
8285	114
829	15
8292	49
8299	4
8306	72
8313	20
8320	392
8327	8
8334	22
8341	60
8348	434
8355	8
836	238
8362	2011
8369	51
8376	635
8383	9
8390	2467
8397	231
8404	16
8411	51
8418	30
8425	357
843	6
8432	24
8439	49
8446	177
8453	42
8460	3202
8467	6384
8474	741
8481	460
8488	109
8495	5
850	94
8502	60
8509	62
8516	2032
8523	827
8530	12
8537	8
8544	33
8551	79
8558	322
8565	35
857	589
8572	390
8579	28
8586	189
8600	4
8607	272
8614	155
8621	9
8628	74
8635	89
864	7
8642	17
8649	36
8656	413
8663	67
8670	13852
8677	46
8684	51
8691	27
8698	5
8705	5
871	7
8712	124
8719	9
8726	15
8733	298
8740	73
8747	309
8754	168
8761	165
8768	42
8775	114
878	759
8789	353
8796	92
8803	4040
8810	23
8817	111
8824	157
8831	190
8838	312
8845	4
885	29
8852	187
8859	19518
8866	1230
8873	486
8880	17
8887	196
8894	7
89	34
8901	6
8908	338
8915	294
892	65
8922	34
8929	3468
8936	121
8943	10
8950	70
8957	8
8964	48
8971	10
8978	6
8985	7
899	58
8992	22
8999	18
9006	1812
9013	16
9020	10550
9027	20
9034	292
9041	10
9048	61
9055	336
906	23
9062	14
9069	215
9076	55946
9083	22
9090	29
9097	6
9104	355
9111	27
9118	31
9125	5
913	781
9132	13
9139	565
9146	230
9153	12
9160	5
9167	29
9174	14
9181	12
9188	22
9195	7
920	3157
9202	101
9209	37
9216	664
9223	9
9230	45
9237	22
9244	165
9251	13
9258	15
9265	82
927	571
9272	130
9279	21
9286	112
9293	5
9300	105
9307	19
9314	330
9321	324
9328	56
9335	6
934	26
9349	13
9356	173
9363	514
9370	238
9377	6
9384	62
9391	14
9398	5
9405	3147
941	1411
9412	64
9419	218
9426	1160
9433	4
9440	55
9447	110
9454	309
9461	63
9468	97
9475	118
948	23
9482	195
9489	47
9496	80
9503	15
9510	2251
9517	1165
9531	1142
9538	79
9545	90
955	197
9552	11
9559	12
9566	17
9573	58
9580	330
9587	601
9594	815
96	198
9601	706
9608	151
9615	11
962	71
9622	8
9629	9
9636	12
9643	161
9650	26
9657	110
9664	7
9671	66
9678	18
9685	32
969	366
9692	76
9699	256
9706	4
9713	38
9720	17
9727	4
9734	34
9741	7010
9748	146
9755	9410
976	65
9762	776
9769	12
9776	520
9783	652
9797	17
9804	591
9811	40
9825	10704
983	14
9832	57
9839	38720
9846	8
9853	487
9860	51
9867	33
9874	10
9881	3307
9888	7
9895	26
990	551
9902	5
9909	328
9916	62
9923	5
9930	23
9937	83
9944	11
9951	19
9958	5
9965	65
997	98
9972	415
9979	64
9986	77
9993	23
