1000	2610
10005	770
10012	13
10019	5
10026	55
10033	33
10040	114
10047	21
10054	1229
10061	125
10068	81
1007	46
10075	35
10082	691
10089	1804
10096	792
10103	13
10110	319
10117	739
10124	68
10131	192
10138	12
10145	1376
10152	114
10159	138
10166	600
10173	1272
10180	1076
10187	8
10194	18
10201	200
10208	340
1021	29
10215	337
10222	20
10229	5
10236	129
10243	3348
10250	14
10257	19
10264	7
10271	4
10278	67
1028	310
10292	1698
10299	22
103	8
10306	402
10313	30
10320	90
10327	39
10334	11
10341	684
10348	31
1035	918
10355	24
10362	7
10369	5797
10376	134
10383	90
10390	75
10397	8
10404	47
10411	497
10418	68
1042	48
10425	10
10432	9
10439	367
10446	204
10453	759
10460	728
10467	1608
10474	13
10481	734
10488	27
1049	39
10495	30
10502	34
10509	2757
10516	73
10523	202
10530	223
10537	492
10544	103
10551	1886
10558	707
1056	27
10565	1630
10579	11
10586	1191
10600	73
10607	920
10614	84
10621	7374
10628	85
1063	2536
10635	26
10642	40
10649	6
10656	47
10663	6
10670	99
10677	146
10684	17
10691	440
1070	55
10705	6
10712	20
10719	190
10733	6
10740	11
10747	176
10754	184
10761	6359
10768	5271
1077	25
10775	28
10782	353
10789	38
10796	127
10803	156
10810	42
10817	44
10824	26
10831	8337
10838	19
1084	117
10845	33
10852	142
10859	372
10866	830
10873	19
10880	1211
10887	10
10894	176
10901	45
10908	621
1091	11
10915	826
10922	5
10929	20
10936	40
10943	41
10950	42
10957	18269
10964	34
10971	52
10978	1483
1098	105
10985	13
10992	576
10999	206
110	14
11006	574
11013	11
11020	224
11027	83
11034	325
11041	5
11048	40
1105	111
11055	6
11062	34
11069	1323
11076	799
11083	7
11090	2910
11097	1139
11104	180
11111	37
11118	27
1112	620
11125	130
11132	582
11139	26
11146	63
11153	124
11160	62
11167	6
11174	233
11181	6
11188	21
1119	70
11195	137
11202	101
11209	78
11216	5
11223	91
11230	325
11237	34
11244	17
11251	32
11258	483
1126	71
11265	2366
11272	7
11279	51
11286	518
11293	72
11300	220
11307	349
11314	322
11321	5
1133	8
11335	21
11342	82
11349	60
11363	4
11370	65
11377	22
11384	798
11391	12
11398	101
1140	336
11405	11
11412	428
11419	13
11426	10
11433	42
11440	8436
11447	1122
11454	327
11461	6575
11468	5
1147	8
11475	98
11482	28
11489	205
11496	8
11503	10
11510	36
11517	33
11524	18
11531	7
11538	950
1154	677
11545	7
11552	42
11566	11
11573	6
11580	679
11587	8
11594	87
11601	8
11608	7
1161	49
11615	245
11622	11
11629	2755
11636	422
11643	121
11650	12
11657	5
11664	7
11671	9
11678	1481
1168	99
11685	51
11692	20
11699	312
117	3636
11706	74
11720	318
11727	23
11734	49
11741	870
11748	58
1175	28
11755	2352
11762	23
11769	7
11776	1396
11783	19
11790	1544
11797	12
11804	42
11811	220
11818	235
1182	21
11825	12
11832	15
11839	39
11846	4
11853	264
11860	27
11867	4
11874	844
11881	27
11888	981
1189	37
11895	258
11902	23
11909	968
11916	6
11923	4
11930	610
11937	1639
11944	50
11951	115
11958	37
1196	18
11972	148
11979	15
11986	22
11993	216
12000	1166
12007	211
12014	43
12021	39
12028	39
1203	2683
12035	389
12042	12
12049	22
12056	8
12063	149
12070	323
12077	10
12084	30
12091	40
12098	18
1210	193
12105	8
12119	56
12126	540
12133	18
12140	2939
12147	44
12154	293
12161	5
12168	14
1217	4196
12175	4
12182	109
12189	10
12196	1249
12203	14
12210	109
12217	27
12224	16
12231	17
12238	726
1224	49
12245	7
12252	876
12259	53
12266	17
12273	41
12280	142
12287	11
12294	7
12301	10
12308	60
1231	217
12315	2413
12322	261
12329	7
12336	76
12343	1470
12350	9
12357	2133
12364	77
12371	12
12378	81
1238	19
12385	1143
12392	3650
12399	17
124	166
12406	108
12413	170
12420	122
12427	6476
12434	35
12441	67
12448	616
1245	4
12455	502
12462	58
12469	239
12476	737
12483	31
12490	21
12497	27
12504	165
12511	29
12518	30
1252	25
12525	10
12532	20
12539	10
12546	12
12553	7
12560	18
12567	34
12581	734
1259	7
12595	73
12602	50
12609	7
12616	334
12623	154
12630	874
12637	150
12644	817
12651	46
12658	1044
1266	312
12665	86
12672	1498
12679	882
12686	1288
12693	433
12700	664
12707	59
12714	858
12721	202
12728	125
1273	142
12735	17
12742	8
12749	7
12756	4970
12763	244
12770	250
12784	427
12791	1393
12798	537
1280	4
12805	326
12812	12
12819	29
12826	4
12833	6
12840	7
12847	485
12854	16
12861	21
12868	5
1287	322
12875	920
12882	171
12889	441
12896	1205
12903	68
12910	351
12917	43
12924	113
12931	109
12938	82
1294	68
12945	888
12952	4
12959	269
12966	6
12973	10
12980	10405
12987	462
12994	9
13001	11
13008	263
1301	562
13015	86
13022	106
13029	805
13036	16
13043	28
13050	54
13057	27
13064	895
13071	8
13078	176
1308	646
13085	1360
13092	325
13099	14
131	126
13106	30
13113	5698
13127	248
13134	30
13141	43
13148	16
1315	5
13155	26
13162	11
13169	170
13176	379450
13183	6
13190	146
13197	78
13204	55
13211	38
13218	26
1322	313
13225	4280
13232	112
13239	28
13246	37
13253	112
13260	64
13267	8
13274	16
13281	7
13288	24
1329	83
13295	27
13302	142
13309	21
13316	15
13323	191
13330	26
13337	280
13344	59
13351	3686
13358	24
1336	172
13365	89
13372	352
13379	28
13386	9
13393	175
13400	107
13407	61
13414	12
13421	6
13428	138
1343	19
13435	360
13442	6
13449	147
13456	130
13463	11
13470	30
13477	288
13484	10
13498	6
1350	12
13505	117
13512	2062
13519	558
13526	57
13533	14
13540	476
13547	22
13554	1417
13561	11
13568	5
1357	148
13575	12575
13582	70
13589	105
13596	771
13603	1041
13610	124
13617	143
13624	110
13631	309
13638	7
1364	2915
13645	246
13652	21
13659	23
13666	32
13673	119
13680	24
13687	27
13694	110
13701	183
13708	999
1371	232
13715	234
13722	50
13729	61
13736	24
13743	55
13750	5
13757	124
13764	11
13771	20
13778	5
1378	139
13785	95
13792	6
13799	66
138	294
13806	1486
13813	24
13820	79
13827	52
13834	1753
13841	632
13848	830
1385	10
13855	77
13862	25
13869	414
13876	48
13883	13
13890	42
13897	41
13904	12
13911	880
13918	14
1392	958
13925	38
13932	53
13939	197
13946	163
13960	76
13967	25
13974	1704
13981	40
13988	4447
1399	401
13995	203
14	17
14002	71
14009	15
14016	16
14023	27
14030	22
14037	13
14044	67
14051	6
14058	492
1406	1083
14065	14
14072	176
14079	44
14086	2348
14093	68
14100	251
14107	13
14114	1452
14121	53
1413	7
14135	9
14142	434
14149	19
14156	24
14163	696
14170	8
14177	129
14184	39
14191	366
14198	7
1420	105
14205	18
14212	45
14219	5
14226	18
14233	13727
14240	1559
14247	16
14254	145
14261	191
14268	185
1427	392
14275	84
14282	162
14289	564
14296	13
14303	275
14310	8
14317	41
14324	66
14331	97
14338	96
1434	284
14345	20
14352	66
14359	7
14366	1753
14373	53
14380	22
14387	8
14394	91
14401	1170
14408	397
1441	7
14415	9
14422	16
14429	2761
14436	127
14443	252
14450	239
14457	4
14464	1708
14471	729
14478	5
1448	17
14492	361
14499	287
145	74
14506	245
14513	23
14520	90
14534	29
14541	20
14548	28
1455	101
14555	8
14562	79
14569	165
14576	1520
14583	33
14590	13
14597	5
14604	29
14611	104
14618	205
1462	73
14625	27
14632	211
14639	330
14646	45
14653	56
14660	216
14667	64
14674	86
14681	8
14688	329
1469	14
14695	90
14702	4109
14709	516
14716	13
14723	20
14730	162
14737	94
14744	702
14751	117
14758	8
1476	487
14765	20
14772	7
14779	48
14786	139
14793	48
14800	235
14807	4
14814	4558
14821	6
14828	73
1483	705
14835	334
14842	59
14849	582
14856	18
14863	739
14870	7771
14877	314
14884	11
14891	2688
14898	892
1490	152
14905	240
14912	73
14919	33
14926	14
14933	131
14940	19
14947	28884
14954	82
14961	33
14968	5
1497	17
14975	8
14982	9
14989	25
14996	2832
15003	273
15010	195
15017	948
15024	26
15031	9
15038	36
1504	140
15045	11
15052	18
15059	18
15066	9
15073	100
15080	20
15087	97
15094	238
15101	30
15108	92
1511	13397
15115	228
15122	31
15129	287
15136	216
15143	3447
15150	388
15157	13
15164	680
15171	23
15178	393
1518	51
15185	91
15192	29
15199	18
152	11
15206	209
15213	90
15220	33
15227	304
15234	11
15241	348
15248	402
1525	496
15255	121
15262	32
15269	2874
15276	310
15283	95
15290	39188
15297	274
15304	56
15311	25
15318	263
1532	8
15325	247
15332	52
15339	25
15346	45
15353	46
15360	34
15367	17
15374	496
15381	4
1539	50
15395	42
15402	34
15409	151
15416	364
15423	49
15430	7
15437	27
15444	29
15451	28
15458	49
1546	1215
15465	13
15472	602
15479	449
15486	19
15493	13
15500	21
15507	15
15514	17
15521	99
15528	980
1553	430
15535	173
15542	29
15549	9
15556	36
15563	335
15570	312
15577	93
15584	52
15591	997
15598	165
1560	891
15605	100
15612	200
15619	33
15626	320
15633	98
15640	207
15647	150
15654	200
15661	36
15668	42
1567	23
15675	242
15682	15
15689	522
15696	69
15703	340
15710	10
15717	22
15724	19
15731	217
15738	22
1574	81
15745	31
15752	363
15759	143
15766	55
15773	20
15780	2397
15787	5
15794	278
15801	419
15808	69
1581	365
15815	6
15822	75
15829	336
15836	7
15843	57
15850	78
15857	33
15864	24
15871	36
15878	46
1588	94
15885	275
15892	1395
15899	1667
159	61
15906	2290
15913	357
15920	202
15927	14
15934	241
15941	4
15948	140
1595	117
15955	203
15962	237
15969	839
15976	1135
15983	104
15990	19
15997	63
16004	846
16011	85
16018	102
1602	76
16025	58
16032	181
16039	6
16046	147
16053	22
16060	35
16067	11
16074	17
16081	72
16088	6
1609	156
16095	6
16102	222
16109	110
16116	34
16123	53
16130	17
16137	753
16144	166
16158	65
1616	1019
16165	59
16172	13
16179	65
16186	39
16193	5
16200	158
16207	356
16214	62
16221	832
16228	127
1623	15
16235	265
16242	72
16249	5740
16256	26
16263	6
16270	48
16277	489
16284	5
16291	2978
16298	4
1630	93
16305	461
16319	25
16326	85
16333	15
16340	7
16347	11
16354	65
16361	23
1637	12
16375	16
16382	226
16389	126
16396	1474
16403	102
16410	228
16417	352
16424	32
16431	16
16438	7
1644	119
16445	286
16452	148
16459	290
16466	598
16473	256
16480	12
16487	67
16494	708
16501	292
16508	1226
1651	8
16515	103
16522	194
16529	25
16536	63
16543	6
16550	79
16557	64
16564	339
16571	25
16578	507
1658	391
16585	36
16592	8
16599	67
166	4
16606	8
16613	1319
16620	296
16627	18
16634	5
16641	978
16648	115
1665	146
16655	56
16662	104
16669	177
16676	400
16683	1223
16690	90
16697	133
16704	235
16711	192
16718	57
1672	15
16725	435
16732	2304
16739	57
16746	33
16753	875
16760	13
16767	10
16774	21
16781	111
16788	50
1679	18
16795	13
16802	19
16816	869
16823	7306
16830	2160
16837	1577
16844	40
16851	10
16858	8
1686	52
16865	8
16872	4
16879	90
16886	46
16893	386
16900	1250
16907	47
16914	89
16921	37
16928	25
1693	244
16935	9
16942	21
16949	32
16956	12
16963	14
16970	242
16977	122
16984	6
16991	22
16998	41
1700	7788
17012	46
17019	15
17026	8
17033	416
17040	386
17047	50
17054	41
17061	169
17068	21
1707	4
17075	199
17082	48
17089	124
17096	346
17103	93
17110	223
17117	96
17124	28
17131	1370
17138	11
1714	70
17145	112
17152	31
17159	337
17166	43
17173	217
17180	29
17187	24
17194	61
17201	341
17208	225
1721	14
17215	99
17222	42
17229	50
17236	81
17243	77
17250	18
17257	41
17264	2147
17271	69
17278	17
1728	321
17285	12
17292	37
17299	649
173	14
17306	132
17313	4082
17320	32
17327	8
17334	3770
17341	7333
17348	151
1735	14
17355	2131
17362	26
17369	6
17376	114
17383	71
17390	32
17397	493
17404	9
17411	39
17418	380
1742	10
17425	93
17432	134
17439	13
17446	53
17453	103
17460	324
17467	12
17474	4
17481	4
17488	6
1749	1424
17495	18
17509	26
17516	48
17523	46
17530	4142
17537	48
17544	14
17551	60
17558	28
1756	90
17565	243
17572	402
17579	3454
17586	13
17593	49
17600	19611
17607	28
17614	216
17621	811
17628	652
1763	175
17635	6
17642	4
17649	198
17656	24
17663	295
17670	357
17677	97
17684	40
17691	880
17698	138
1770	16
17705	181
17712	114
17719	92
17726	316
17733	52
17740	35
17747	2847
17754	37
17768	13
1777	27
17775	146
17782	46
17789	4838
17796	189
17803	2083
17810	31
17817	51
17824	370
17831	18
17838	172
1784	17
17845	65
17852	6
17859	646
17866	121
17873	99
17880	4
17887	32
17894	13
17901	10
17908	63
17915	2771
17922	5
17929	362
17936	170
17943	9
17950	111
17957	1402
17964	168
17971	145
17978	7
1798	30
17985	2299
17992	29
17999	43
180	32
18006	15
18013	18
18020	954
18027	17789
18034	26
18041	20
18048	559
1805	7
18055	52
18062	6
18069	103
18076	5
18083	34
18090	4925
18097	4
18104	1558
18111	50
18118	96
1812	15
18125	173
18132	108
18139	10
18146	145
18153	48
18160	45
18167	6
18174	200
18181	15
18188	193
1819	2424
18195	96
18202	493
18209	214
18216	70
18223	53
18230	29
18237	88
18244	11
18251	7
18258	7
1826	975
18265	15
18272	3429
18279	33
18286	1546
18293	5
18300	68
18307	84
18314	80
18321	545
18328	36
1833	70
18335	7
18342	31
18349	16
18356	15
18363	26
18370	18449
18377	203
18384	26
18391	214
18398	131
1840	5
18405	62
18412	189
18419	218
18426	363
18433	416
18440	22
18447	20
18454	6
18461	331
18468	255
1847	11
18475	19
18482	63
18489	487
18496	25
18503	1121
18510	78
18517	6
18524	61
18531	24664
1854	69
18545	142
18552	85
18559	9
18566	635
18573	650
18580	277
18587	93
18594	8215
18601	172
18608	37
1861	39
18615	3297
18622	56
18629	1117
18636	37
18643	396
18650	9
18664	79
18671	5
18678	5
1868	316
18685	38
18692	5
18699	401
187	269
18706	28
18713	499
18720	27
18727	2772
18734	62
18741	12
18748	19
1875	1706
18755	20
18762	214
18769	43
18776	15
18783	87
18790	379
18797	22
18804	211
18811	11666
18818	1756
1882	56
18825	92
18832	20
18839	415
18846	17
18853	8
18860	160
18867	331
18874	18
18881	1509
18888	49
1889	10
18895	264
18902	269
18909	11
18923	1028
18930	30
18937	10
18944	44
18951	14
18958	84
1896	2435
18965	25
18972	14
18979	79
18986	390
18993	891
19000	25
19007	410
19014	42
19021	11
19028	155
1903	14
19035	35
19042	13
19049	6259
19056	20
19063	70
19070	140
19077	5
19084	690
19091	11
19098	10
1910	10
19105	79
19112	104
19119	6
19126	46
19140	66
19147	19
19154	2862
19161	478
19168	250
1917	10
19175	19
19182	1106
19189	330
19196	16
19203	20
19210	5
19217	27
19224	48
19231	380
19238	20
1924	312
19245	29
19252	108
19266	45
19273	5
19280	228
19287	25
19294	277
19301	36
19308	23
1931	90
19315	33
19322	1413
19329	24
19336	68
19343	295
19350	251
19357	18
19364	67
19371	9
19378	15
1938	1454
19385	905
19392	10
194	452
19406	43
19413	8
19420	12
19427	40
19434	7
19441	16
19448	2299
1945	5
19455	153
19462	49
19469	28
19476	28
19483	10
19490	7
19497	11
19504	23
19511	5130
19518	23
1952	212
19525	10
19532	148
19539	316
19546	403
19553	39
19560	37
19567	12
19574	78
19581	78
19588	9
1959	33
19595	53
19602	75
19609	31
19616	156
19623	184
19630	47
19637	11
19644	16
19651	6
19658	491
1966	59
19665	353
19672	113
19679	211
19686	26
19693	75
19700	8
19707	32
19714	68
19721	13
19728	80
1973	102
19735	16
19742	259
19749	533
19756	12
19763	492
19770	22
19777	214
19784	270
19791	5
19798	25
1980	47
19805	732
19812	71
19819	532
19826	13
19833	5
19840	256
19847	100
19854	23
19861	8
19868	7
1987	88
19875	1530
19882	182
19889	29
19896	57
19903	12
19910	874
19917	67
19924	18
19931	21
19938	2870
1994	2078
19945	114
19959	10
19966	1063
19973	18
19980	39
19987	355
20001	9
20008	19
2001	14
20015	3952
20022	1904
20029	57
20036	4
20043	6
20050	18
20057	314
20064	11
20071	6
20078	316
2008	23
20085	5
20092	44
20099	55
201	17
20106	93
20113	4606
20120	1110
20127	3287
20134	151
20141	99
20148	307
2015	1462
20155	69
20162	19
20169	3054
20176	51
20183	125
20190	47
20197	612
20204	49
20211	416
20218	49
2022	604
20225	47
20232	173
20239	230
20246	436
20253	129
20260	20
20267	15
20274	342
20281	535
20288	80
2029	307
20295	18
20302	142
20309	599
20316	465
20323	2410
20330	245
20337	26
20344	565
20351	32
20358	177
2036	12
20365	13
20372	22
20379	973
20386	26
20393	209
20400	267
20407	100
20414	69
20421	27
20428	234
2043	943
20435	101
20442	49
20449	15
20456	17
20463	4795
20470	69
20477	13
20484	11
20491	34
20498	77
2050	1310
20505	10
20512	4769
20519	13
20526	246
20533	5
20540	227
20547	167
20554	34
20561	4482
20568	6
2057	426
20575	27
20582	7
20589	488
20596	79
20603	14
20610	59
20617	96
20624	31
20631	599
20638	1164
2064	688
20645	12
20652	33
20659	240
20666	31
20673	13
20680	34
20687	30
20694	64
20701	28
20708	480
2071	13
20715	78
20729	44
20736	507
20743	226
20750	10
20757	490
20764	302
20771	85
20778	36
2078	19846
20785	1982
20792	5
20799	14
208	27
20806	5
20813	4
20820	25
20827	285
20834	180
20841	4
20848	36
2085	127
20855	58
20862	80
20869	1720
20876	4451
20883	359
20890	280
20897	20
20904	1409
20911	17
20918	15
2092	605
20925	137
20932	42
20939	176
20946	24
20953	167
20960	266
20967	28
20974	110
20981	6
20988	11
2099	3606
20995	32887
21	10
21002	137
21009	7494
21016	19
21023	94
21030	6
21037	929
21044	6
21051	1155
21058	6
2106	316
21065	13
21072	623
21079	33
21086	115
21093	127
21100	1655
21107	22
21114	21
21121	147
21128	325
2113	534
21135	141
21142	265
21149	61
21156	74
21163	98
21170	822
21177	106
21184	315
21191	4
21198	1221
2120	8246
21205	153
21212	69
21219	61
21226	5
21233	21
21240	1531
21247	20
21254	6
21261	353
21268	56
2127	53
21275	23
21282	171
21289	161
21296	185
21303	1075
21310	28
21317	150
21324	149
21331	488
21338	618
2134	16
21345	28
21352	30
21359	41
21366	17
21373	43
21380	910
21387	1129
21394	178
21401	70
21408	436
2141	680
21415	14
21422	42
21429	75
21436	1021
21443	22
21450	197
21464	206
21471	505
21478	6
2148	143
21485	137
21492	25
21499	90
215	353
21506	3083
21513	4743
21520	91
21527	1621
21534	23
21541	60
21548	18
2155	9
21555	105
21562	149
21569	8
21576	187
21583	80
21590	27
21604	127
21611	10
21618	161
2162	26
21625	86
21632	69
21639	10
21646	396
21653	1543
21660	53
21667	281
21674	19
21681	1599
21688	23
2169	53
21695	56
21702	38
21709	32788
21716	42
21723	45
21730	124
21737	1160
21744	23
21751	69
21758	49
2176	175
21765	18
21772	7
21779	6
21786	148
21793	2399
21800	454
21807	41
21814	50
21821	11
21828	138
2183	197
21835	11
21842	17
21849	908
21856	29
21863	669
21870	14
21877	19
21884	219
21891	23
21898	11
2190	23
21905	18
21912	59
21919	23
21926	40
21933	122
21940	84
21947	121
21954	7
21961	86
21968	18
2197	8
21975	118
21982	1273
21989	5
21996	1277
22003	53
22010	8
22017	1429
22024	1273
22031	2120
22038	194
2204	4
22045	16
22052	6
22059	5
22066	68
22073	50
22080	208
22087	233
22094	8
22101	16
22108	1298
2211	105
22115	4297
22122	726
22129	433
22136	129
22143	33
22150	141
22157	49
22164	2754
22171	12
22178	1382
22185	121
22199	15
222	497
22206	1254
22213	13
22220	4058
22227	4685
22234	1297
22241	543
22248	5
2225	484
22255	2430
22262	78
22269	25
22276	1810
22283	37
22290	1827
22297	46
22304	72
22311	49
22318	205
2232	583
22325	13
22332	22
22339	53
22346	36
22353	473
22360	54
22367	3013
22374	58
22381	37
22388	5
2239	93
22395	12906
22402	34
22409	95
22416	1031
22423	185
22430	40
22437	79
22444	48
22451	3694
22458	4
2246	5
22465	133
22472	984
22479	41
22486	14
22493	6
22500	73
22507	2182
22514	48
22521	51
22528	259
2253	34
22535	197
22542	214
22556	5497
22563	25
22570	10
22577	15
22584	14
22591	623
22598	758
2260	40
22605	10
22612	65
22619	844
22626	14
22633	36
22640	1023
22647	22
22654	191
22661	25
22668	10
2267	6
22675	307
22682	7
22689	59
22696	35
22703	60
22710	10
22717	213
22724	482
22731	59
22738	24
2274	64
22745	235
22752	227
22759	798
22766	40
22773	8
22780	57
22787	126
22794	9
22801	208
22808	266
2281	14
22815	19
22822	19
22829	1186
22836	7
22843	255
22850	11
22857	227
22864	286
22871	5
22878	37
2288	60
22885	168
22892	75
22899	528
229	83
22906	11
22913	54
22920	1878
22927	72
22934	67
22941	123
22948	114
2295	25459
22955	75
22962	23
22969	3448
22976	19
22983	11
22990	1091
22997	12
23004	39
23011	798
23018	6
2302	18
23025	3715
23032	4189
23039	691
23046	445
23053	47
23060	1453
23067	478
23074	542
23081	873
23088	795
2309	2544
23095	79
23102	4887
23109	156
23116	104
23123	34
23130	142
23137	73
23144	143
23151	7
23158	68
2316	151
23165	19671
23172	38
23179	29
23186	29
23193	69
23200	218
23207	13
23214	129
23221	5
23228	302
2323	177
23235	6
23242	32
23249	216
23256	178
23263	274
23270	454
23277	38
23284	31
23291	4657
23298	8
2330	5
23305	39
23312	4
23319	110
23326	24
23333	788
23340	18
23347	767
23354	230
23361	90
23368	497
2337	72
23375	19998
23382	16
23389	65
23396	12
23403	15
23410	1872
23417	1052
23424	63
23431	917
23438	35
2344	3688
23445	177
23452	1479
23459	119
23466	105
23473	153
23480	214
23487	152
23494	16
23501	10
23508	213
2351	188
23515	8
23522	13
23529	88
23536	11
23543	9564
23550	11
23557	33
23564	9
23571	93
23578	10
2358	12
23585	600
23592	497
23599	7
236	7
23606	33
23613	29
23620	12
23627	47
23634	4748
23641	40
23648	14
2365	49
23655	14
23662	1605
23669	64
23676	11
23683	14
23690	7
23697	177
23704	143
23711	24
23718	11
2372	40
23725	25
23732	107
23739	7
23746	47
23753	502
23760	686
23767	224
23774	436
23781	4
23788	8
2379	46
23795	139
23802	56
23809	709
23816	4
23823	47
23830	11
23837	30
23844	12
23851	16
2386	622
23865	17
23872	8
23879	3732
23886	190
23893	6
23900	45
23907	86
23914	32
23928	114
2393	12
23935	39
23942	8
23949	91
23956	25
23963	7
23970	237
23977	744
23984	27
23991	669
23998	52
2400	4
24005	73
24012	350
24019	100
24026	352
24033	64
24040	91
24047	9
24054	14
24061	9
24068	55
2407	18
24075	38
24082	7040
24089	16
24096	130
24103	10
24110	6
24117	857
24124	147
24131	516
24138	65
2414	36
24145	45
24152	120
24159	375
24166	92
24173	8
24180	102
24187	13
24194	21
24201	5
24208	36
2421	942
24215	35
24222	101
24229	21
24236	2423
24243	207
24250	12
24257	25
24264	12
24271	215
24278	11
2428	9
24285	15
24292	58
24299	20
243	32
24306	84
24313	130
24320	1726
24327	15
24334	21
24341	78
2435	1409
24355	19
24362	787
24369	352
24376	147
24390	6287
24397	448
24404	88
24411	21
24418	25
2442	14
24425	1260
24432	64
24439	22
24446	90
24460	13
24467	142
24474	36
24481	13
24488	12
2449	644
24495	104
24502	11
24509	22
24516	579
24523	28
24530	33
24537	9
24544	307
24551	175
24558	75
2456	184
24565	12
24572	18
24579	14
24586	96
24593	10
24600	124
24607	21
24614	66
24621	21
24628	29
2463	235
24635	35
24642	5
24649	545
24656	38
24663	4
24670	564
24677	126
24684	10
24691	111
24698	166
2470	1022
24705	6
24712	62
24719	138
24726	243
24733	7
24740	513
24747	353
24754	17
24761	48
24768	1367
2477	196
24775	4
24782	49
24789	305
24796	8
24803	28
24810	8357
24817	4
24824	57
24831	244
24838	49569
24845	11
24852	472565
24859	406
24866	50
24873	4
24880	61
24887	54
24894	32
24901	27
24908	631
2491	24
24915	233
24922	22
24929	157
24936	11
24943	165
24950	97
24957	486
24964	109778
24971	111
24978	90
2498	148
24985	1471
24992	9
24999	9
250	14
25006	4
25013	1387
25020	1223
25027	18
25034	161
25041	12
25048	355
2505	4
25055	332
25062	11
25069	1344
25076	8
25083	64
25090	217
25097	125
25104	184
25111	36
25118	5
2512	1656
25125	49
25132	1287
25139	6
25146	24918
25153	220
25160	165
25167	552
25174	8
25181	225
25188	33
2519	2751
25195	756
25202	14
25209	150
25216	27
25223	453
25230	3656
25237	933
25244	60
25251	8
25258	9
2526	60
25265	333
25272	5034
25279	250
25286	650
25293	24
25300	985
25307	234
25314	294
25321	16
25328	97
2533	299
25335	204
25342	45
25349	127
25356	102
25363	233
25370	374
25384	76
25391	56
25398	26
2540	998
25405	370
25412	13
25419	112
25426	7
25433	167
25440	137
25447	456
25454	5
25461	647
25468	16
2547	585
25475	54
25489	1417
25496	8
25503	365
25510	44
25517	112
25524	43
25531	15
25538	14
2554	6
25545	112
25552	1628
25559	28
25566	60
25573	25
25580	33
25587	302
25594	25
25601	346
25608	122
2561	44
25615	126
25622	8
25629	110
25636	147
25643	8
25650	23
25657	27
25664	166
25671	104
25678	4
2568	334
25685	241
25692	40
25699	19
257	33
25706	3779
25713	122
25720	329
25727	324
25734	15
25741	268
25748	80
2575	249
25755	113
25762	1826
25769	169
25776	28
25783	2773
25797	59
25804	4459
25811	499
25818	14
2582	191
25825	1050
25832	1919
25839	627
25846	7
25853	49
25860	216
25867	52
25874	6
25881	10
2589	301
25895	16
25902	35
25909	9
25916	76
25923	88
25930	1205
25937	185
25944	39
25951	49
25958	41
2596	2574
25965	2373
25972	28
25979	15
25986	1182
25993	6
26007	20
26014	73
26021	918
26028	341
2603	6
26035	49
26042	31
26049	51
26056	146
26063	51
26070	50
26077	4
26084	327
26091	131
26098	187
2610	21
26105	246
26112	8
26119	520
26126	56
26133	1773
26140	27
26147	30
26154	16
26161	12
26168	1354
2617	41
26175	7
26182	97
26189	51
26196	155
26203	24
26210	10
26217	524
26224	197
26231	174
26238	22
2624	9
26245	15
26252	1175
26259	4
26266	71
26273	303
26280	748
26287	184
26294	352
26301	886
26308	204
2631	119
26315	4263
26322	372
26329	255
26336	33
26343	349
26350	433
26357	14
26364	2047
26371	11
26378	4
2638	14
26385	23
26392	15
26399	27
264	3025
26406	5
26413	22
26420	16
26427	971
26434	105
26448	10
26455	7
26462	117
26469	51
26476	589
26483	206
26490	92
26497	10281
26504	541
26511	26
26518	246
2652	130
26525	118
26532	35
26539	91
26546	98
26553	1467
26560	24
26567	49
26574	51
26581	21
26588	61
2659	34
26595	41
26602	128
26609	80
26616	93
26623	24
26630	26
26637	16
26644	173
26651	366
26658	40
2666	50
26665	1376
26672	5
26679	1206
26686	51
26693	47
26700	217
26707	5
26714	2039
26721	125
26728	892
2673	4
26735	320
26742	15
26749	150
26756	1536
26763	224
26770	6
26777	88
26784	28
26791	74
26798	254
2680	53
26805	362
26812	28
26819	11
26826	330
26833	52
26840	14
26847	7
26854	38
26861	1293
26868	8
2687	4
26875	104
26882	5853
26889	1021
26896	16
26903	85
26910	463
26917	266
26924	382
26931	41
26938	64
2694	825
26945	19
26952	29
26959	430
26966	22
26973	27
26980	15
26987	54
26994	127
27001	428
27008	103
2701	11
27015	12
27022	678
27029	66
27036	172
27043	44
27050	44
27057	147
27064	51
27071	58
27078	165
2708	1302
27085	36
27092	150
27099	25
271	31
27106	8
27113	263
27120	47
27127	5
27134	9
27141	25
27148	177
2715	29
27155	19
27162	79
27169	12
27176	5
27183	21
27190	30
27197	251
27204	408
27211	15
27218	18
2722	934
27225	41
27232	6
27239	701
27246	1269
27253	54
27260	107
27267	263
27274	67
27281	143
27288	4149
2729	374
27295	28
27302	27
27309	51
27316	3219
27323	10483
27330	327
27337	30
27344	41473
27351	21
27358	67
2736	7
27365	191
27372	73
27379	39
27386	19
27393	7
27400	295
27407	976
27414	19
27421	18
27428	754
2743	72
27435	480
27442	220
27449	10
27456	232
27463	120
27470	1152
27477	547
27484	26
27491	9
27498	12
2750	1319
27505	194
27519	12
27526	57
27533	16
27540	166
27547	44
27554	3323
27561	109
27568	40
2757	191
27575	193
27582	286
27589	39
27596	2615
27603	12
27610	108
27617	52
27624	10
27631	86
27638	150
2764	28
27645	38
27652	1129
27659	19
27666	4
27673	149
27680	52
27687	94
27694	268
27701	618
27708	44
2771	31
27715	845
27722	74
27729	2371
27736	10
27743	9
27750	2629
27757	554
27764	4
27771	138
27778	1105
2778	145
27785	5
27792	13
27799	54
278	897
27806	22
27813	6
27820	11
27827	81
27834	10
27841	1465
27848	405
2785	270
27855	46
27862	46
27869	14
27876	107
27883	16
27890	353
27897	167
27904	152
27918	35
2792	5
27925	4638
27932	77
27939	497
27946	9
27953	426
27960	490
27967	97
27974	38
27981	108
27988	44
2799	223
27995	9
28	706
28002	119
28009	62
28016	955
28023	129
28030	18
28037	36
28044	221
28051	659
28058	4651
2806	272
28065	66
28072	26
28079	1868
28086	34
28093	45
28100	949
28107	5
28114	11
28121	5
28128	32
2813	116
28135	55
28142	37
28149	152
28156	14549
28163	9
28170	46
28177	141
28184	4
28191	272
28198	235
2820	575
28205	11
28212	6
28219	51
28226	4036
28233	116
28240	408
28247	7
28254	9
28261	121
28268	8
2827	53
28275	61
28282	6
28289	20211
28296	350
28303	305
28310	12
28317	8
28324	22
28331	353
28338	41
2834	22
28345	51
28352	11
28359	228
28366	197
28373	7335
28380	1357
28387	120
28394	58
28401	24
28408	62
2841	187
28415	110
28422	8
28429	12
28436	552
28443	400
28450	1202
28457	25
28464	1151
28471	7
28478	4
2848	26
28485	13
28492	111
28499	8
285	156
28506	78
28513	11
28520	103
28527	1242
28534	38
28541	75
28548	164
2855	12705
28555	369
28562	8
28569	33
28576	2202
28583	23
28590	2775
28597	5880
28604	219
28611	62
28618	68
2862	18
28625	218
28632	2104
28646	292
28653	221
28660	10
28674	83
28681	14
28688	322
2869	93
28695	106
28702	6
28709	17
28716	17
28723	18
28730	451
28737	12
28751	19
28758	31
2876	1747
28765	178
28772	15
28779	13
28786	88
28793	63
28800	810
28807	6
28814	296
28821	38
28828	208
2883	97
28835	161
28842	45530
28849	27924
28856	50
28863	16
28870	100
28877	106
28884	133
28891	16
28898	80
2890	61
28905	14
28912	350
28919	13
28926	29
28933	20
28940	25
28947	19
28954	125
28961	100
28968	791
2897	407
28975	13
28982	36
28989	170
28996	10
29003	41
29010	185
29017	32
29024	22
29031	64
29038	9
2904	41
29045	1129
29052	10
29059	95
29066	1033
29073	97
29080	157
29087	17
29094	686
29101	69
29108	9
2911	8
29115	105
29122	42
29129	240
29136	248
29143	63
29150	72
29157	13
29164	14
29171	22
29178	124
2918	22
29185	21
29192	89
29199	473
292	29
29206	39
29213	173
29220	33
29227	40
29234	94
29241	15
29248	59
2925	124
29255	142
29262	506
29269	46
29276	16
29283	7
29297	16
29304	22
29311	3240
29318	14
2932	54
29325	67
29332	6
29346	1694
29353	53
29360	145
29367	29
29374	434
29381	20
29388	2367
2939	40
29395	52
29402	11
29409	380
29416	174
29423	32
29430	4
29437	531
29444	12
29451	14
29458	22
2946	37
29465	16
29472	30
29479	1003
29486	43
29493	31
29500	750
29507	46
29514	38
29521	47
29528	40
2953	301
29535	29
29549	34
29556	44
29570	6
29577	554
29584	241
29591	10
29598	1197
2960	549
29605	9
29612	89
29619	22
29626	16
29633	47
29640	1871
29647	47
29654	32
29661	12
29668	2418
2967	16
29675	8165
29682	17
29689	731
29696	72
29703	38
29710	131
29717	209
29724	7
29731	315
29738	5
2974	2287
29745	80
29752	1536
29759	14
29766	115
29773	5
29780	678
29787	30
29794	1000
29801	3264
29808	25
2981	9
29815	98
29822	10
29829	11
29836	109
29843	103
29850	5
29864	520
29871	3552
29878	252
2988	13
29885	24
29892	32
29899	10
299	12
29906	8
29913	16
29920	65
29927	70
29934	918
29941	8869
29948	16
2995	91
29955	18
29962	34
29969	12
29976	16
29983	174
29990	109
29997	7
3	277
30004	90
30011	1505
30018	123
3002	14
30025	14
30032	23
30039	12
30046	22
30053	23
30060	279
30067	67
30074	6
30081	27
30088	190
3009	27
30095	512
30109	129
30116	9
30123	203
30130	14
30137	378
30144	234
30151	366
30158	7
3016	357
30165	147
30172	16
30179	32
30186	49
30193	9
30200	9
30207	11
30214	688
30221	13
30228	131
3023	630
30235	475
30242	34
30249	15
30256	35
30263	13
30270	46
30277	371
30284	562
30291	976
30298	33
3030	19
30305	7805
30312	181
30319	394
30326	412
30333	6
30340	3967
30347	127
30354	50
30361	50
30368	27
3037	26
30375	134
30382	2660
30389	69
30396	92
30403	80
30410	14
30417	5
30424	65
30431	7
30438	5
3044	1669
30445	12
30452	6
30459	290
30473	28
30480	6213
30487	10
30494	2777
30501	44
30508	15
3051	10
30515	79
30522	80
30529	1097
30536	297
30543	116
30550	4
30557	282
30564	12
30571	1033
30578	71
3058	21
30585	146
30592	619
30599	1860
306	44
30606	44
30613	7
30620	1301
30627	284
30634	9
30641	58
30648	146
3065	10
30655	12
30662	539
30669	466
30676	129
30683	618
30690	77
30697	29
30704	147
30718	1531
3072	33
30725	40
30732	33
30739	6
30746	445
30753	1206
30760	6
30767	40
30774	2074
30781	28
30788	84
3079	73
30795	3565
30802	11
30809	66
30816	172
30823	114
30830	682
30837	6
30844	24
30851	28
30858	22
3086	7
30865	32
30872	254
30879	41
30886	46
30893	18
30900	11
30907	25
30914	38
30921	537
30928	470
3093	284
30935	20
30942	21
30949	7273
30956	83
30963	17
30970	18
30977	103
30984	140
30991	70
30998	6
3100	5
31005	71
31012	23
31019	16
31026	10
31033	58
31040	16626
31047	5
31054	11
31061	23
31068	11
3107	665
31075	1453
31082	10
31089	68
31096	470
31103	733
31110	22
31117	71
31124	263
31131	4
31138	7
3114	223
31145	88
31152	51
31159	240
31166	41
31173	461
31180	51
31187	84
31194	200
31201	15
31208	159
31215	8941
31222	494
31229	73
31236	644
31243	14
31250	25
31257	1640
31264	592
31271	149
31278	194
3128	35
31285	248
31292	1671
31299	1606
313	8
31306	40
31313	7
31320	12
31327	40
31334	1806
31341	30
31348	5
3135	6
31355	1190
31362	20
31369	9
31376	58
31383	26
31390	8
31397	48
31404	3313
31411	78
31418	60
3142	8138
31425	322
31432	42
31439	698
31446	142
31453	136
31460	22
31467	1404
31474	607
31481	510
31488	11
3149	56
31495	816
31502	359
31509	245
31516	16
31523	738
31530	4
31537	17
31551	249
31558	181
3156	12
31565	27
31572	313
31579	29
31586	20
31593	8
31600	6
31607	28
31614	191
31621	21
31628	22
3163	138
31635	5444
31642	268
31649	42
31656	13
31663	6122
31670	561
31677	22
31684	14
31691	255
31698	94
3170	9
31705	11
31712	269
31719	18
31726	192
31733	28
31740	11
31747	305
31754	144
31761	13
31768	18
3177	922
31775	8
31782	101
31789	1352
31796	18
31803	160
31810	17
31817	122
31824	533
31831	10
31838	82
3184	173
31845	52
31852	10
31859	22
31866	114
31873	17
31880	233
31887	44
31894	81
31908	42
3191	208
31915	13833
31922	37
31929	7
31936	20
31943	6
31950	81
31957	12
31964	7518
31978	40
3198	164
31985	2312
31992	1208
31999	14
320	4
32006	25
32013	248
32020	1125
32027	14
32034	7
32041	307
32048	8
3205	34
32055	21
32062	31
32069	396
32076	26
32083	52
32090	63
32104	145
32111	10
32118	6
3212	238
32125	14
32132	6
32139	4712
32146	7
32153	494
32160	369
32167	299
32174	28
32181	111
32188	4
3219	638
32195	40
32202	95
32209	21
32216	19
32223	7
32230	2370
32237	406
32244	140
32251	169
32258	4
3226	223
32265	1094
32272	389
32279	42
32286	41
32293	4311
32300	285
32307	66
32314	9
32321	12
32328	5
3233	846
32335	107
32342	4
32349	16
32356	15
32363	13
32370	8
32384	11
32391	100
32398	547
3240	91
32405	75
32412	1902
32419	179
32426	147
32433	11253
32440	190
32447	16
32454	58
32461	17
32468	14
3247	91
32475	12
32489	75
32503	14
32510	5
32517	50
32524	199
32531	8
32538	1926
3254	74
32545	380
32552	5
32559	6
32566	7751
32573	3319
32580	413
32587	38
32594	4
32601	63
32608	51
3261	11
32615	48
32622	472
32629	21
32636	328
32643	40
32650	5878
32657	215
32664	146
32671	35
32678	5
3268	9
32685	609
32692	6
32699	72
327	715
32706	147
32713	10
32720	5
32727	1350
32734	15813
32741	140
32748	276
3275	101
32755	442
32762	601
32769	7
32776	232
32783	11
32790	65
32797	6
32804	219
32811	14
32818	530
3282	117
32825	77
32832	242
32839	3385
32846	350
32853	31
32860	10
32867	21
32874	180
32881	11
32888	582
3289	374
32895	82
32902	305
32909	153
32916	106
32923	1719
32930	20
32937	48
32944	17
32951	884
32958	189
3296	665
32965	35
32972	108
32979	196
32986	54
32993	47
33000	33908
33007	927
33021	927
33028	153
3303	7
33035	10
33042	26
33049	22
33056	932
33063	31
33070	16
33077	6
33084	95
33091	230
33098	1441
3310	29
33105	27
33112	86
33119	225
33126	24
33133	16
33140	56
33147	3879
33154	8
33161	103
33168	1224
3317	6
33175	40
33182	37
33189	243
33196	51
33203	7
33210	247
33217	109
33224	121
33231	859
33238	177
3324	69
33245	1278
33252	173
33259	86
33273	339
33280	152
33287	52
33294	3314
33301	725
33308	61
3331	6
33315	345
33322	154
33329	9
33336	85
33343	503
33350	38
33357	1721
33364	1180
33371	15
33378	286
3338	25
33385	446
33392	264
33399	505
334	278
33413	55
33420	50
33427	21
33434	266
33441	43
33448	13
3345	457
33455	6
33462	2031
33469	30
33476	206
33483	76
33490	89
33497	339
33504	379
33511	648
33518	50
3352	57
33525	212
33532	8
33539	22
33546	5
33553	46
33560	1204
33567	141
33574	118
33581	5
33588	73
3359	41
33595	48
33602	257
33609	91
33616	30
33623	1021
33630	137
33637	381
33644	8
33651	3681
33658	153
3366	11
33665	270
33672	1144
33679	17
33686	411
33693	79
33700	456
33707	22
33714	4
33721	4
33728	263
3373	14
33735	913
33742	11
33749	61
33756	1049
33763	26
33770	48
33777	81
33784	228
33791	5029
33798	14
3380	19
33805	59
33812	102
33819	2879
33826	14
33833	225
33840	121
33847	868
33854	101
33861	101
33868	198
3387	35
33875	303
33882	7
33896	16
33903	209
33910	304
33917	17
33924	35
33931	77
33938	49
3394	7
33945	311
33952	10
33959	734
33966	365
33973	415
33980	16
33987	20
33994	52
34001	8
34008	10
3401	73
34015	47
34022	547
34029	19
34036	526
34043	20
34050	16987
34057	10
34064	269
34071	72
34078	23
3408	18
34085	6
34092	1927
34099	705
341	36
34106	459
34113	6
34120	32
34127	608
34134	8035
34141	193
34148	461
3415	4
34155	97
34162	21
34169	614
34176	9
34183	153
34190	1776
34197	5185
34204	6
34218	14
3422	31
34225	14
34232	154
34239	39
34246	52
34253	50
34260	26
34267	18
34274	124
34281	1383
34288	62
3429	61
34295	945
34302	16
34309	22
34316	15
34323	20
34330	34
34337	10
34344	11
34351	88
34358	36617
3436	89
34365	42
34372	33
34379	344
34386	1409
34393	145
34400	66
34407	1779
34414	14
34421	31
34428	684
3443	35
34435	22
34442	15
34449	2980
34456	371
34470	27
34477	36
34491	6
34498	46
3450	18
34505	7
34512	42
34519	1032
34526	139
34533	532
34540	36
34547	44
34554	26
34561	56
34568	259
3457	754
34575	26
34582	2425
34589	5
34596	16
34603	9
34610	298
34617	39
34624	14
34631	314
34638	254
3464	12137
34645	6
34652	23
34659	26
34666	253
34673	33
34680	190
34687	102
34694	21
34701	11
34708	7
3471	24
34715	78
34722	11
34729	31
34736	12
34743	22
34750	54
34757	17
34764	10
34771	11
34778	202
3478	11
34792	75
34799	132
348	51
34806	22
34813	21
34820	12
34827	543
34834	59
34841	337
34848	8
3485	140
34855	19
34862	4460
34869	39
34876	187
34883	96
34890	25
34897	12
34904	30
34911	7
34918	6
3492	12
34925	9
34932	9
34939	580
34946	715
34953	293
34960	27
34967	10
34974	674
34981	323
34988	131
3499	569
34995	558
35	311
35002	129
35009	5
35016	7
35023	6
35030	259
35037	7
35044	248
35051	487
35058	163
3506	16
35065	2429
35072	3355
35079	416
35086	79
35093	159
35100	42
35107	213
35114	8
35121	3994
35128	113
3513	548
35135	491
35142	398
35149	189
35156	15
35163	8754
35170	4
35177	16
35184	480
35191	21
35198	527
3520	394
35205	52
35212	5
35219	111
35226	4
35233	6274
35240	21
35247	251
35254	16
35261	16
35268	5
3527	342
35275	173
35282	69
35289	726
35296	9
35303	197
35310	433
35317	381
35324	16
35331	20
35338	11
3534	10
35345	126
35352	977
35359	432
35366	8
35373	7
35380	36
35387	11
35394	52
35401	24
35408	154
3541	411
35415	24
35422	16
35429	300
35436	151
35443	22
35450	43
35457	105
35464	31
35471	7
35478	21
3548	37
35485	71
35492	21
35499	243
355	49
35506	147
35513	18
35520	12
35527	103
35534	260
35541	13
35548	234
3555	55
35555	24
35562	41
35569	74
35576	7
35590	18
35597	77
35604	100
35618	213
3562	1409
35625	36
35632	11
35639	11
35646	53
35653	90
35660	182
35667	43
35674	16
35688	1498
3569	19
35695	279
35702	464
35709	7
35716	58
35723	112
35730	109
35737	61
35744	11
35751	20
35758	92
3576	39
35765	352
35772	166
35779	138
35786	484
35793	93
35800	71
35807	5
35814	27
35821	724
35828	34
3583	7973
35835	85
35842	3868
35849	117
35856	6
35863	28
35870	144
35877	31
35884	62
35891	60
35898	12048
3590	545
35905	58
35912	743
35919	629
35926	347
35933	17
35940	1005
35947	90
35954	54
35961	11
35968	1883
3597	73
35975	103
35982	468
35989	2967
35996	15
36003	17
36010	222
36017	5
36024	111
36031	144
36038	6
3604	10
36045	27
36052	15
36066	185
36073	25
36080	4
36087	4
36094	16
36101	374
36108	17
3611	19
36115	440
36122	14
36129	313
36136	178
36143	9
36150	18
36157	311
36164	3004
36171	62
36178	877
3618	441
36185	180
36192	513
362	29
36206	442
36213	89
36220	33
36227	1611
36234	269
36241	36
36248	32
3625	13
36255	16
36262	47
36269	37
36276	213
36283	12
36290	315
36304	143
36311	92
36318	36
3632	34
36325	35
36332	1004
36339	546
36346	58
36353	31
36360	1165
36367	38
36374	27
36381	8
36388	32
3639	19
36395	147
36402	13
36409	30
36416	4
36423	55
36430	28
36437	149
36444	8
36451	92
36458	17
3646	69
36465	20
36472	3596
36479	112
36486	209
36493	773
36500	366
36507	83
36514	69
36521	6
36528	235
3653	5
36535	63
36542	67
36549	338
36563	24
36570	89
36577	4
36591	2739
36598	396
3660	48
36605	172
36612	176
36619	542
36626	24
36633	92
36640	2564
36647	12
36654	29
36661	7
36668	201
3667	236
36675	1060
36689	804
36696	1264
36703	33
36710	29
36717	3027
36724	10345
36731	22
36738	24
3674	204
36745	32
36752	78
36759	414
36766	1377
36773	127
36780	386
36787	4
36794	298
36801	96
36808	390
3681	58
36815	53
36822	232
36829	433
36836	15
36843	195
36850	67
36857	1429
36864	36
36878	1170
3688	31
36885	765
36892	37
36899	38
369	4
36906	425
36913	1361
36920	154
36927	48
36934	272
36941	194
36948	139
3695	139
36955	53
36962	1838
36969	121
36976	764
36983	116
36990	29
36997	16
37004	701
37011	6536
37018	130
3702	31
37025	5
37032	162
37039	22
37046	308
37053	4582
37060	37
37067	18583
37074	300
37081	26
3709	166
37095	8
37102	18
37109	8
37116	9
37123	142
37130	42
37137	36
37144	281
37151	13
37158	18602
3716	4
37165	79
37172	83
37179	58
37186	13
37193	2961
37200	26
37207	53
37214	125
37221	151
37228	255
3723	4
37235	15
37242	48
37249	77
37256	23
37263	8
37270	106
37277	85
37284	294
37291	289
37298	8
3730	265
37305	22
37312	50
37319	59
37326	4
37340	21
37347	259
37354	2609
37361	51
37368	18
3737	346
37375	17
37382	217
37389	153
37396	141
37403	9
37410	239
37417	3699
37424	30
37431	599
37438	8
3744	314
37445	24
37452	77
37459	43
37466	9
37473	64
37480	10
37487	239
37494	22
37501	14
37508	1744
3751	169
37515	42
37522	15
37529	63
37536	115
37543	491
37550	14
37557	259
37564	563
37571	57
37578	25
3758	18
37585	15
37592	347
37599	39
376	38
37606	1668
37613	117
37620	55
37627	7
37634	940
37641	12
37648	17
3765	4964
37655	85
37662	13
37669	18
37676	24
37683	71
37690	7
37697	7
37704	80
37711	344
37718	4924
3772	16
37725	452
37732	34
37739	761
37746	28
37753	135
37760	22
37767	31
37774	1779
37781	16
37788	689
3779	36
37795	600
37802	5
37809	8
37823	8
37830	10
37837	22
37844	15
37851	241
37858	37
3786	36
37865	50
37872	8
37879	7
37886	1664
37893	7
37900	66
37907	7
37914	26
37921	11
37928	21
3793	855
37935	1599
37942	43
37949	89
37956	176
37963	14
37970	19
37977	166
37984	104
37991	188
37998	27
3800	3269
38005	9
38012	2581
38019	13
38026	61
38033	1327
38047	15
38054	477
38061	541
38068	164
3807	614
38075	19
38082	5
38089	63
38096	15
38103	8
38110	92
38117	222
38124	210
38131	8
38138	12
3814	28
38145	178
38152	85
38159	21301
38166	18
38180	380
38187	26
38194	239
38201	50
38208	8
3821	20
38215	50
38222	559
38229	10
38236	777
38243	126
38250	698
38257	14
38264	1504
38271	389
38278	240
3828	124
38285	83
38292	10
38299	719
383	151
38306	8
38313	4625
38320	7
38327	68
38334	46
38341	1107
38348	12
3835	2837
38355	309
38362	5
38369	16
38376	226
38383	23641
38390	407
38397	237
38404	16
38411	26
38418	9
3842	6
38425	696
38432	71
38439	1726
38446	86
38453	3480
38460	33
38467	131
38481	45
38488	154
3849	6258
38495	290
38502	27
38509	31
38516	64
38523	25
38530	191
38537	89
38544	6281
38551	41
38558	3767
3856	3901
38572	15
38579	2102
38586	96
38593	991
38600	19
38607	40
38614	44
38621	17
38628	49
3863	146
38635	612
38642	192
38649	172
38656	6692
38663	12
38670	19
38677	15
38684	1190
38691	97
38698	239
3870	30
38705	8
38712	16
38719	133
38726	1231
38733	22
38740	69
38747	2285
38754	189
38761	6
38768	11362
3877	4
38775	2478
38782	454
38789	733
38796	241
38803	129
38810	13
38817	1639
38824	388
38831	283
38838	2667
3884	868
38845	52
38852	293
38859	26
38866	88
38873	98
38880	108
38887	157
38894	6
38901	15
38908	240
3891	60
38915	9
38922	24
38929	514
38936	262
38943	13
38950	6
38957	157
38964	247
38971	8
38978	616
3898	307
38985	4011
38992	174
38999	44
390	10
39013	1757
39020	13
39027	225
39034	14
39041	4605
39048	14
3905	109
39055	5075
39062	61
39069	202
39076	127
39083	464
39090	256
39097	6607
39104	41
39111	51
39118	38
3912	11
39125	151
39132	1780
39139	304
39146	520
39153	30
39160	2584
39167	11
39174	393
39181	4
39188	43
3919	4486
39195	11
39202	206
39209	14
39216	5509
39223	10
39237	32
39251	302
39258	9
3926	19
39265	745
39272	116
39279	701
39286	83
39293	146
39300	100
39307	17
39314	172
39321	1038
39328	203
3933	10
39335	148
39342	36
39349	925
39356	162
39363	782
39370	129
39377	111
39384	27
39391	456
39398	21
3940	123
39405	6
39412	7
39419	18
39426	15
39433	5
39447	12
39454	30
39461	794
39468	2736
3947	659
39475	26443
39482	177
39489	166
39496	70
39503	33
39510	32
39517	84
39524	10
39531	13
39538	11
3954	40
39545	1573
39552	16
39559	363
39566	178
39573	7
39580	92
39587	25
39594	53
39601	115
39608	21
3961	20
39615	160
39622	4
39636	636
39643	1002
39650	12
39657	5019
39664	268
39671	30
39678	1758
3968	132
39685	412
39692	637
39699	2772
397	4334
39706	450
39713	12
39720	30
39727	151
39734	148
39741	94
39748	741
3975	14
39755	7
39762	146
39769	23
39776	40
39783	258
39790	80
39797	9
39804	737
39811	15
39818	32
3982	83
39825	223
39832	2005
39839	50
39846	61
39853	95
39860	8
39867	99
39874	114
39881	4
39888	23
3989	220
39895	59
39902	7
39909	57
39916	5
39923	49
39930	36
39937	8
39944	15
39951	27
39958	1300
3996	670
39965	15
39972	845
39979	182
39986	47
39993	15367
40000	7
40007	26
40014	18
40021	750
40028	1475
4003	170
40035	59
40042	410
40049	11
40056	195
40063	9279
40070	45
40077	136
40084	32
40091	329
40098	34
4010	7
40105	33
40112	73
40119	22
40126	48
40133	14
40140	99
40147	70
40154	431
40161	75
40168	262
4017	58
40175	16
40182	553
40189	240
40196	363
40203	1739
40210	133
40217	19
40224	86
40231	16
40238	11
4024	7
40245	66
40252	317
40259	10
40266	87
40273	5
40280	134
40287	2247
40294	14
40301	219
40308	70
4031	686
40315	54
40322	26
40329	188
40336	164
40343	39
40350	610
40357	9
40364	295
40371	102
40378	68
4038	8
40385	10
40392	54
40399	264
404	54
40406	212
40413	11
40420	16
40427	1559
40434	5
40441	53
40448	188
4045	156
40455	37
40462	307
40469	3432
40476	154
40483	77
40490	1992
40497	39
40504	29
40511	72
40518	79
4052	148
40525	55
40532	82
40539	30
40546	173
40553	87
40560	182
40567	9
40574	484
40581	641
40588	18
4059	42
40595	69
40602	8
40616	293
40623	536
40630	96
40637	140
40644	38
40651	6
40658	75
4066	2355
40665	24
40672	386
40679	11
40686	44
40693	20
40700	23
40707	9
40714	147
40721	234
40728	13
4073	15
40735	18
40742	2201
40749	1828
40756	411
40763	1108
40770	692
40777	1439
40784	7
40791	47
40798	13
4080	40
40805	54
40812	212
40819	20
40826	1896
40833	44
40840	10
40847	298
40854	20
40861	63
40868	889
4087	45
40875	9
40882	181
40889	139
40896	90
40910	7642
40917	137
40924	32
40931	330
40938	7
4094	122
40945	724
40952	43
40959	18
40966	74
40973	89
40980	16
40987	8
40994	24
41001	5
41008	64
4101	15
41015	15
41022	87
41029	42
41036	30
41043	424
41050	19
41057	1835
41064	434
41071	4
41078	18
4108	20
41085	10
41092	18
41099	160
411	15
41106	116
41113	16
41120	480
41127	18
41134	45
41141	26
41148	2831
4115	157
41155	213
41162	227
41169	720
41176	653
41183	101
41190	7
41197	33
41204	42
41218	64
4122	10
41225	107
41232	28
41239	19
41246	42
41253	8
41260	6
41267	27
41274	22
41281	15
41288	4
4129	54
41295	13
41302	697
41309	12
41316	100
41323	17
41330	568
41337	124
41351	3982
41358	21
4136	1149
41365	13
41372	820
41379	7
41386	5
41393	8
41400	8723
41414	601
41421	10
41428	42
4143	183
41435	69
41442	31
41449	7
41456	15
41463	2609
41470	76
41477	50
41484	36
41491	28
41498	57
4150	8
41505	9
41512	4
41519	617
41526	20
41533	17
41540	6515
41547	4
41554	14
41561	1314
41568	48
4157	4
41575	10
41582	544
41589	15
41596	2246
41603	201
41610	2581
41617	136
41624	444
41631	6
41638	7
4164	25
41645	55
41652	26
41659	40
41666	23
41673	90
41680	431
41687	217
41694	1808
41701	34
41708	102
41715	740
41722	1683
41729	996
41736	12
41743	629
41750	1025
41757	5784
41764	35
41771	2422
41778	91
4178	30
41785	324
41792	10
41799	16
418	194
41806	4206
41813	14
41820	44
41827	80
41834	1717
41841	122
41848	5
4185	39
41855	190
41862	205
41869	40
41876	7
41883	329
41890	1949
41897	48
41904	30
41911	24
41918	7
4192	269
41925	24
41932	74
41939	30
41946	134
41953	731
41960	3058
41974	25
41981	18
41988	88
4199	21
41995	29
42	13
42002	843
42009	16
42016	1019
42023	66
42030	1454
42037	36
42044	6
42051	115
42058	208
4206	49
42065	18
42072	54
42079	13
42086	15
42093	1375
42100	47
42107	12
42114	100
42121	115
42128	49
4213	25
42135	335
42142	49
42149	50
42163	15
42170	154
42177	73
42184	55
42191	558
42198	21
4220	33
42205	2175
42212	5
42219	21
42226	13
42233	33
42240	6394
42247	62
42254	16
42261	56
42268	33
4227	166
42275	109
42282	3175
42289	120
42296	408
42303	79
42310	245
42317	251
42324	21
42331	4
4234	65
42345	1506
42352	1972
42359	78
42366	50
42373	69
42380	1287
42387	319
42394	269
42401	16
42408	95
4241	9
42415	137
42422	7
42429	9
42436	52
42443	2701
42450	17420
42457	16
42471	629
42478	37
4248	22
42485	8
42492	57
42499	77
425	15
42506	531
42513	489
42520	12
42527	143
42534	343
42541	7
42548	171
4255	17
42555	129
42562	2224
42569	114
42576	19
42583	65
42590	6
42597	9
42604	35
42611	1679
42618	9
4262	19
42625	13378
42632	197
42639	42
42646	326
42653	19
42660	65
42667	656
42674	45
42681	99
42688	26
4269	4705
42695	38
42702	156
42709	25
42716	4
42723	34
42730	14
42737	270
42744	12
42751	62
42758	129
4276	567
42765	8
42772	16
42779	65
42786	109
42793	10
42800	228
42807	69
42814	292
42821	37
42828	31192
4283	17
42835	30
42842	11
42849	68
42856	16
42863	29
42870	6
42877	55
42884	36
42891	519
42898	18
4290	335
42905	12
42912	46
42919	21
42926	32
42933	14
42940	290
42947	24
42954	66
42961	24
42968	46
4297	1963
42975	17
42982	6
42989	105
42996	21
43003	206
43010	74
43017	219
43024	10
43031	24
43038	78
4304	355
43045	290
43052	150
43059	37
43066	94
43073	1284
43080	291
43087	1814
43094	359
43101	968
43108	20
4311	91
43115	674
43122	37706
43129	9008
43136	656
43143	562
43150	116
43157	16
43164	145
43171	489
43178	79
4318	77
43185	85
43192	5201
43199	178
432	30935
43206	93
43213	18
43220	43
43227	792
43234	2200
43241	11
43248	1131
4325	7
43255	1018
43262	4578
43269	194
43276	14
43283	163
43290	517
43297	26
43304	428
43311	14
43318	14
4332	1082
43325	24
43332	26
43339	19
43346	14
43353	12
43367	58
43374	417
43381	11
4339	288
43395	122
43402	15
43409	5560
43423	56
43430	103
43437	17
43444	10
43451	146
43458	9
4346	6
43465	1312
43472	156
43479	30
43486	58
43493	14
43500	309
43507	13
43514	100
43521	7
43528	74
4353	7
43535	15
43549	10
43556	962
43563	81
43570	9
43577	108
43584	153
43591	56
43598	156
43605	5
43612	102
43619	499
43626	96
43633	653
43640	54
43647	1514
43654	4528
43661	9
43668	155
4367	8082
43675	8
43682	4
43689	17
43696	36
43703	284
43710	6
43717	301
43724	382
43738	25
4374	1702
43745	6
43752	13
43759	33
43766	90
43773	14
43780	69
43787	12
43794	35
43801	35
43808	11
4381	6
43815	241
43822	265
43829	150
43836	7
43843	6
43850	148
43857	922
43864	11
43871	222
43878	10
4388	92
43885	58
43892	1166
43899	45
439	10
43906	6
43913	290
43920	3641
43927	69
43934	31
43941	28
43948	257
4395	5
43955	666
43962	509
43969	18
43983	65
43990	380
43997	11
44004	11
44011	33
44018	14
4402	30
44025	110
44032	270
44039	27
44046	21
44053	1512
44060	17
44067	6
44074	76
44081	18
44088	186
4409	8
44095	36
44102	4
44109	27
44116	4735
44123	350
44130	18
44137	204
44144	925
44151	43
44158	21
4416	57
44165	161
44172	1824
44179	5
44186	23
44193	777
44200	59
44207	7
44214	38
44221	8
44228	6
4423	102
44235	47
44242	10
44249	60
44256	8
44263	38
44270	830
44277	630
44284	33
44291	26
44298	74
4430	89
44305	11
44312	4
44319	562
44326	31
44333	12
44340	182
44347	13
44354	566
44361	251
44368	3097
4437	18
44375	6257
44382	60
44389	1385
44396	781
44403	43
44410	875
44417	44
44424	729
44431	39
44438	43
4444	184
44445	6
44459	144
44466	30
44473	690
44480	110
44487	3564
44494	24
44501	481
44508	57
4451	4748
44522	198
44529	9
44536	1247
44543	5
44550	9
44557	1127
44564	4
44571	87
44578	129
4458	12
44585	1087
44592	15
44599	61
446	452
44606	15
44613	83
44620	21
44627	19
44634	31
44641	531
44648	19
4465	16
44662	4
44669	358
44676	251
44683	22275
44690	182
44697	930
44704	644
44711	69
44718	18
4472	12749
44725	91
44732	20
44739	122
44746	102
44753	1644
44760	173
44767	7
44774	33
44781	1391
44788	371
4479	25
44795	2635
44802	5
44809	67
44816	16
44823	4
44830	2252
44837	457
44844	46
44851	53
44858	96
4486	817
44865	20
44872	19
44879	87
44886	13
44893	53
44900	40
44907	17
44914	217
44921	48
44928	4
4493	2071
44935	27
44942	10
44949	4244
44956	6
44963	9
44970	827
44977	7
44984	9
44991	70
44998	55
4500	163
45005	2366
45012	6
45019	334
45026	10
45033	19
45040	12
45047	18
45054	1082
45061	4627
45068	7
4507	10
45075	20
45082	930
45089	351
45096	133
45103	399
45110	12
45117	211
45124	291
45131	12
45138	192
4514	500
45145	4
45152	113
45159	62
45166	30
45173	56
45180	40
45187	40
45194	840
45201	10
45208	2300
4521	10
45215	215
45222	8
45229	657
45236	5
45243	26
45250	4
45257	112
45264	1783
45271	155
45278	5
4528	6
45285	135
45292	15
45299	26
453	50
45306	12
45313	343
45320	7
45327	122
45334	131
45341	10
45348	41
4535	22
45355	129
45362	48
45369	89
45376	21
45383	92
45390	12
45397	4
45404	158
45411	8
45418	65
4542	9
45425	14
45432	677
45439	10
45446	893
45453	2241
45460	11
45467	46
45474	24
45481	8
45488	882
4549	138
45495	1764
45502	92
45516	7
45523	95
45530	20
45537	3890
45544	1716
45551	50
45558	17
4556	18
45565	11
45572	148
45579	25
45586	77
45593	71
45600	28
45607	657
45614	12
45621	61
45628	142
4563	4
45635	914
45642	72
45649	42
45656	1744
45663	41
45670	55
45677	66
45684	5
45691	32
45698	1984
4570	55
45705	4
45712	28
45719	42
45726	8
45733	67
45740	8
45747	7050
45754	19
45761	1107
45768	143
4577	561
45775	40
45782	44
45789	31
45796	12
45803	44
45810	587
45817	101
45824	48
45831	57
45838	18
4584	78
45845	40
45852	9
45859	7
45866	5709
45873	397
45880	32
45887	22
45894	82
45901	24
45908	21
4591	2335
45915	135
45922	5
45929	33
45936	121
45943	14
45950	135
45957	2317
45964	8
45978	6
4598	54
45985	47
45992	25
45999	492
46006	313
46013	56
46020	687
46027	25
46034	63
46041	6409
46048	44
4605	73167
46055	23
46062	191
46069	9240
46076	21
46083	16
46090	24
46097	92
46104	305
46111	41
46118	12
4612	91
46125	57
46132	57
46139	768
46146	13
46153	6
46160	56
46167	862
46174	8
46181	9
46188	625
4619	588
46202	496
46209	23
46216	22
46223	8
46230	32
46237	45
46244	168
46251	85
46258	32
46265	53
46272	11
46279	666
46286	179
46293	126
46300	7
46307	405
46314	12
46321	1251
46328	6
4633	5
46335	14
46342	4
46349	107
46356	138
46363	714
46370	149
46377	121
46384	13
46391	148
46398	15
4640	44
46405	11
46412	14
46419	85
46426	138
46433	13
46440	216
46454	13
46461	100
46468	29
4647	297
46475	1028
46482	34
46489	150
46496	693
46503	13
46510	339
46517	18
46524	641
46531	445
46538	16
4654	132
46545	52
46552	5
46559	16
46566	28
46573	15
46580	7
46587	340
46594	280
46601	25
46608	45
4661	27
46615	15
46622	17
46629	88
46636	325
46643	191
46650	6536
46657	84
46664	58
46671	208
46678	4
4668	44
46685	68
46692	7340
46699	712
467	91
46706	127
46713	98
46720	12849
46727	20
46734	162
46748	256
4675	1808
46755	1802
46769	194
46776	292
46783	37
46790	186
46797	15
46804	1614
46811	1252
46818	15
4682	6
46825	7
46832	8
46839	68
46846	87
46853	932
46860	5
46867	9
46874	60
46881	1649
46888	64
4689	9
46895	25
46902	842
46909	46
46916	1263
46923	276
46930	34
46937	11
46944	115
46951	4
46958	311
4696	5
46965	88
46972	21
46979	67283
46986	27
46993	1368
47000	1143
47014	213
47021	207
47028	17
4703	21
47035	10
47042	11466
47049	1022
47056	5
47063	53
47070	83
47077	124
47084	9
47091	76
47098	514
4710	18
47105	12
47112	53
47119	3278
47126	62
47133	36
47140	182
47147	35
47154	1154
47161	13
47168	467
4717	18
47175	110
47182	196
47189	166
47196	1669
47203	6
47210	11
47217	46
47224	160
47231	1489
47238	142
4724	7311
47245	4
47252	288
47259	19
47273	76
47280	2784
47287	26
47294	9
47301	258
47308	15
4731	1286
47315	18
47322	256
47329	1481
47336	34
47343	5
47350	27
47357	6243
47364	32
47371	121
47378	24
4738	54
47385	313
47392	475
47399	9
474	8
47406	11
47413	22
47420	4
47427	269
47434	162
47441	690
47448	105
4745	14
47455	49
47462	28
47469	19
47476	26
47483	13
47490	9
47497	96
47504	649
47511	23
47518	516
4752	41
47525	125
47532	746
47539	41
47546	963
47553	787
47560	102
47567	8
47574	80
47581	5
4759	250
47595	370
47602	20
47609	88
47616	2535
47623	28
47630	9959
47637	7
47651	654
47658	696
4766	9
47665	106
47672	20775
47679	8
47686	92
47693	44
47700	22
47707	44
47714	556
47721	10
47728	242
4773	65
47735	89
47742	4
47749	14
47763	469
47770	33
47777	11
47784	59
47791	15
47798	12
4780	22
47805	473
47812	13
47819	7
47826	37
47833	12
47840	6
47847	128
47854	342
47861	463
47868	589
4787	112
47875	1061
47882	103
47889	69
47896	170
47903	287
47910	67
47917	18
47924	227
47931	2638
47938	13
4794	59
47945	71
47952	4
47959	165
47966	4888
47973	36
47980	103
47987	17
47994	49
48001	43
48008	70
4801	6
48015	2665
48022	520
48029	7
48036	138
48043	656
48050	4
48057	5925
48064	36
48071	1358
48078	53
4808	274
48085	48
48092	62
48099	2680
481	3020
48106	39
48120	5
48127	102
48134	27
48141	94
48148	25
4815	32
48155	8
48162	506
48176	127
48183	3141
48190	2130
48197	320
48204	1869
48218	7
4822	6
48225	37
48232	16
48239	959
48246	2647
48253	29
48260	90
48267	7
48274	5
48281	62
48288	8
4829	9
48295	13
48302	40
48309	1325
48316	125
48323	116
48330	7
48337	26
48344	42
48351	196
48358	10
4836	460
48365	5
48372	32
48379	16
48386	78
48393	55
48400	12
48407	455
48414	101
48421	146
48428	31
4843	228
48435	159
48442	1516
48449	38
48456	9
48463	42
48470	55
48477	15
48484	8
48491	656
48498	209
4850	6
48505	145
48512	13
48519	135
48526	259
48533	40
48540	46
48547	51
48554	185
48561	5
48568	773
4857	11
48575	6
48582	98
48589	168
48596	236
48603	26
48610	151
48617	68
48624	247
48631	250
48638	25
4864	8
48645	1045
48652	22
48659	47
48666	930
48673	16
48680	23
48687	141
48694	30
48701	5
48708	213
4871	413
48715	191
48722	532
48729	6
48736	834
48743	9
48750	279
48757	12
48764	19
48771	31
48778	66
4878	23
48785	717
48792	29
48799	101
488	105
48806	645
48813	116
48820	5
48827	12
48834	58
48841	343
48848	2237
4885	44
48855	14
48862	89
48869	100
48876	56
48883	56
48890	392
48897	26
48904	209
48911	4
4892	15
48925	1353
48932	55
48939	356
48946	3179
48953	1848
48960	39
48967	294
48974	689
48981	98
48988	3934
4899	50
48995	26
49	2308
49002	27
49009	14
49016	16
49023	1012
49030	1372
49037	267
49044	5033
49051	226
49058	56
4906	14
49065	12
49072	613
49079	1063
49086	1256
49093	82
49100	251
49107	166
49114	984
49121	11
49128	1667
4913	952
49135	64
49142	4
49149	12
49156	1040
49163	35
49170	45
49177	5
49184	189
49191	10365
49198	3489
4920	82689
49205	16
49212	91
49219	10
49226	331
49233	14
49240	11
49247	6292
49254	14
49261	21
49268	9
4927	1421
49275	252
49282	143
49289	46
49296	522
49303	62
49310	60
49317	95
49324	789
49331	57
49338	129
4934	19
49345	55
49352	1345
49359	27
49366	54
49373	9
49380	70
49387	441
49394	5
49401	3164
49408	81
4941	105
49415	12
49429	309
49436	235
49443	9
49450	24
49457	43
49464	30
49471	24
49478	6141
4948	122
49485	14
49492	232
49499	298
495	450
49506	13
49513	149
49520	14439
49527	36
49534	328
49548	14
4955	54
49555	499
49562	12
49569	4
49576	44
49583	2081
49590	138
49597	111
49604	11
49611	55
49618	157
4962	6125
49625	12
49632	5
49639	36
49646	11
49653	53
49660	6
49667	1611
49674	88
49681	70
49688	89
4969	15
4976	48
4983	1319
4990	5
4997	20
5004	24
5011	855
5018	79
502	511
5025	26536
5032	5
5039	56
5046	114
5053	23
5060	112
5067	3949
5074	67
5088	17
509	51
5095	258
5102	28
5109	96
5116	107
5123	26
5130	1647
5137	24
5144	1178
5151	643
5158	299
516	1229
5165	358
5172	130
5179	4
5186	49
5193	26
5200	28
5207	54
5214	533
5221	103
5228	565
523	72
5235	115
5242	300
5249	6
5256	92
5263	13
5270	76
5277	55
5284	46
5291	168
5298	39
530	177
5305	8
5312	331
5319	5
5326	208
5333	387
5340	223
5347	5
5354	39
5361	34
5368	74
537	62
5375	451
5382	45
5389	136
5396	67
5403	12
5410	5
5417	8
5424	24
5431	91
5438	5135
544	561
5445	1309
5452	4
5459	274
5466	65
5473	130
5480	20
5487	1661
5494	68
5501	68
5508	141
551	36
5515	7
5522	52
5529	23
5536	21
5550	8641
5557	10
5564	1222
5571	148
5578	2490
558	58
5585	20
5592	60
5599	18
56	30
5606	809
5613	198
5620	243
5627	16
5634	203
5641	10
5648	371
565	46
5655	310
5662	5
5669	5
5676	48
5683	38
5690	746
5697	284
5704	5
5711	177
5718	84
572	24
5725	527
5732	867
5739	54
5746	4927
5753	52
5760	439
5767	26
5774	21
5781	47
5788	125
579	17
5795	26
5802	127
5809	65
5816	15
5823	20
5830	7
5837	15
5844	98
5851	22
5858	416
586	62
5865	128
5872	11
5879	14
5886	1512
5900	47
5907	550
5914	253
5921	7
5928	491
593	204
5935	5
5942	23
5949	44
5956	5
5963	67
5970	1087
5977	9
5984	147
5991	6165
5998	54
600	100
6005	93
6012	56
6019	4
6026	128
6033	71
6040	11
6047	497
6054	47
6061	815
6068	17
607	57
6075	223
6082	18
6089	350
6096	50
6103	27
6110	614
6117	4
6124	25
6131	854
6138	131
614	127
6145	8
6152	30
6159	24
6166	1715
6173	526
6187	15415
6194	502
6201	2095
6208	5
621	13
6215	14
6229	252
6236	707
6243	40
6250	79
6257	8
6264	11
6271	514
6278	246
628	13
6285	5
6292	2708
6299	10
63	1129
6306	14
6313	104
6327	107
6334	320
6341	4063
6348	15377
635	84
6355	91
6362	11
6369	1287
6376	7
6383	3390
6390	822
6397	28
6404	8
6411	89
6418	19
642	138
6425	28
6432	11
6439	30
6446	4
6460	67
6467	38
6474	1528
6481	416
649	1212
6495	5
6502	27
6509	5
6516	10
6523	14
6530	60
6537	8
6544	14
6551	5
6558	29
6565	12
6572	7
6579	44
6586	606
6593	385
6600	12
6607	81
6614	15
6621	32
6628	131
663	836
6635	242
6642	16
6649	1458
6656	5403
6663	181
6670	80
6677	125
6684	8
6691	131
6698	114
670	31
6705	258
6712	19
6719	1055
6726	34
6740	9720
6747	617
6754	106
6768	25
677	144
6775	6
6782	31
6789	740
6796	28
6803	47
6810	14
6817	11
6824	40
6831	66
684	5
6845	146
6852	551
6859	88
6866	7
6873	14476
6880	129
6887	285
6894	31
6901	2023
6908	181
691	3151
6915	95
6922	10
6929	8
6936	71
6943	43
6950	31
6957	17
6964	29
6971	606
6978	125
698	19
6985	846
6992	206
6999	1140
70	155
7006	47
7013	102
7020	95
7027	4
7034	4
7041	3061
7048	46
705	419
7055	22
7069	387
7076	1825
7083	18
7090	2705
7097	6
7104	89
7111	56
7118	79
712	967
7125	32
7132	14
7139	1355
7146	1124
7153	21
7160	214
7167	30
7174	8
7181	31
7188	186
719	4
7195	8
7202	77
7209	15
7223	19
7230	149
7237	57
7244	192
7251	294
7258	24
726	422
7265	9
7272	67
7279	49
7286	308
7293	36
7300	214
7307	23
7314	1344
7321	43
7328	123
733	14
7335	58
7342	44
7349	705
7356	52
7363	130
7370	11
7377	26
7384	37
7391	807
7398	1622
740	221
7405	336
7412	3750
7419	3268
7426	23
7433	97
7440	11
7447	100
7454	15
7461	4170
7468	453
747	265
7475	81
7482	23
7489	208
7496	34
7503	12474
7510	209
7517	8
7524	22
7531	10
7538	882
754	14
7545	31
7552	342
7559	12102
7566	5
7573	18
7580	75
7587	10
7594	36
7601	56
7608	48
761	6
7615	1389
7622	2193
7629	41
7636	142
7643	47
7650	11
7657	690
7664	242
7671	97
7678	467
768	185
7685	18
7692	10
7699	19
77	298
7706	17
7713	24
7720	7
7727	19
7734	371
7741	64
7748	351
775	395
7755	12
7762	1652
7769	29
7776	66
7783	160
7790	20
7797	7
7804	11
7811	12
7818	59
782	271
7825	837
7832	17
7839	14
7846	5
7853	62
7860	1013
7867	14
7874	10
7881	929
7888	19
789	49
7895	48
7902	18
7909	101
7916	6639
7923	1142
7930	1455
7937	23
7944	81
7951	120
7958	36
796	51
7965	8
7972	130
7979	33
7986	38
7993	299
8000	51
8007	288
8014	14
8021	27864
8028	21
8035	8
8042	110
8049	590
8056	1096
8063	37
8070	184
8077	17
8084	5
8091	895
8098	94
810	2382
8105	247
8112	651
8119	10
8126	64
8133	12
8140	299
8147	25
8154	107
8161	4
8168	29
817	11
8175	363
8182	19
8189	16
8196	11
8203	1726
8210	7
8217	34
8224	1252
8231	18
8238	138
824	12
8245	119
8252	164
8259	137
8266	238
8273	8
8280	8
8287	9
8294	21
8301	139
8308	77
831	68
8315	15
8322	301
8329	390
8336	20
8350	49
8357	359
8364	46
8371	70
8378	5
838	22
8385	1256
8392	74
8399	71
84	124
8406	14
8413	667
8420	18
8427	8
8434	40
8441	34
8448	483
845	123
8455	5
8462	42
8469	64
8476	13
8483	71
8490	6575
8497	116
8504	4
8511	51
8518	66986
852	898
8525	228
8532	237
8539	817
8546	6
8553	78
8560	9
8567	501
8574	2436
8581	27
8588	75
859	1479
8595	5
8602	6
8609	8
8616	19
8623	90
8630	36
8637	828
8644	141
8651	4
8658	16
866	69
8665	22
8672	8
8686	34
8693	313
8700	20
8707	1136
8714	182
8721	428
8728	1746
873	199
8735	110
8742	31
8756	23
8763	131
8770	20
8777	441
8784	81
8791	198
8798	66
880	341
8805	516
8812	134
8819	87
8826	24
8833	589
8840	11
8847	275
8854	1280
8861	445
8868	100
887	16
8875	70
8882	179
8889	59
8896	290
8903	3715
8910	514
8917	10
8924	166
8931	5
8938	4
894	50
8945	53
8952	870
8959	615
8966	37
8973	13
8980	35
8987	20
8994	81
9001	19
9008	42
901	20
9015	262
9022	27
9036	1957
9043	124
9050	19
9057	7
9064	116
9071	1150
9078	58
908	59
9085	66
9092	11703
9099	56
91	5
9106	719
9113	10
9120	575
9127	632
9134	20
9141	31
9148	17
915	10
9155	628
9162	468
9169	83
9176	493
9183	20
9190	30
9197	126
9204	45
9211	16
9218	14
922	9
9225	1451
9232	14
9239	221
9246	55
9253	5
9260	25
9267	275
9274	95
9281	6
929	44
9295	114
9302	85
9309	16
9316	10
9323	164
9330	6
9337	7522
9344	106
9351	294
9358	2210
936	6
9365	492
9372	480
9379	94
9386	5
9393	29
9400	17
9407	680
9414	25
9421	6584
9428	8
943	42
9435	12
9442	28
9449	246
9456	54
9463	620
9470	365
9477	3919
9484	623
9491	7
9498	4
950	6
9505	593
9519	526
9526	9
9533	509
9540	8
9547	2129
9554	2414
9561	1654
9568	14
957	9
9575	9
9582	306
9589	61
9596	39
9603	17
9610	38
9617	15
9624	13
9631	451
9638	115
964	7
9645	14
9652	37
9659	128
9666	4348
9673	74
9680	39
9687	659
9694	409
9701	18
9708	249
971	17
9715	33
9722	10
9729	42
9736	1537
9743	876
9750	87
9757	20
9764	36
9771	60
9778	9
978	47
9785	73
9792	9
9799	505
98	39
9806	289
9813	14
9820	65
9827	126
9834	124
9841	28
9848	101
985	55
9855	13
9862	593
9869	160
9876	206
9883	416
9890	159
9897	133
9904	18
9911	9
9918	9
992	16
9925	5
9932	1627
9939	63
9946	17
9953	335
9960	34
9967	79
9974	204
9981	11
9988	12
999	293
9995	214
