10004	20
10011	300
10018	12
10025	1220
10032	6880
10039	24
10046	35
10053	225
1006	3767
10060	2396
10067	16
10074	6
10081	145
10088	46
10095	145
10102	494
10109	38
10116	311
10123	17
1013	18
10130	515
10137	160
10144	117
10151	4726
10158	12
10165	18
10172	1122
10179	4
10186	27
10193	3405
102	185
1020	26
10200	6
10207	16
10214	30
10221	622
10228	13
10235	465
10242	7
10249	17
10256	255
10263	103
1027	116
10277	18
10284	6
10291	465
10298	9
10305	9270
10312	4811
10319	11
10326	5526
10333	2161
1034	249
10340	53
10347	29
10354	15
10361	7
10368	9
10375	134
10382	7
10389	12
10396	83
10403	794
1041	44
10410	33
10417	7
10424	771
10431	22
10438	147
10445	9
10452	5
10459	7
10466	15
10473	6281
1048	239
10480	79
10487	23
10494	605
10501	26
10508	131
10515	32
10522	24
10529	433
10536	10
10543	5
1055	14
10550	6
10557	94
10564	35
10571	31
10578	88
10585	358
10592	5
10599	782
10606	190
10613	4183
1062	1014
10620	191
10627	7
10634	31
10641	86
10648	52
10655	652
10662	431
10669	315
10676	447
10683	24
1069	2895
10690	1455
10697	70
10704	46
10711	551
10718	117
10725	22
10732	739
10739	28
10746	15
10753	5345
1076	977
10760	8
10767	117
10774	8
10781	299
10788	12
10795	96
10802	32
10809	53
10816	89
10823	631
1083	61
10830	108
10837	14
10844	6
10851	1688
10858	52
10865	7
10872	972
10879	6
10886	29
10893	26
109	51
1090	7460
10900	125
10907	75
10914	277
10921	39
10928	68
10935	9
10942	5
10949	20
10956	25
10963	41
1097	47
10970	464
10984	472
10991	711
10998	2771
11005	10653
11012	8
11019	53
11026	6
11033	240
1104	1079
11040	24
11047	161
11054	18
11061	4
11068	10652
11075	1000
11082	26
11089	30
11096	263
11103	42
1111	105
11110	419
11117	19
11124	6
11131	99
11138	93
11145	19
11152	867
11159	287
11166	7
11173	202
1118	270
11180	12
11187	1061
11194	149
11201	550
11208	60
11215	520
11222	166
11229	60
11236	25
11243	24
1125	11
11250	3002
11257	114
11264	10
11271	20
11278	246
11285	49
11292	538
11299	12
11306	280
11313	57
1132	298
11320	6
11327	15
11334	61
11341	31
11348	466
11355	53
11362	163
11369	61
11376	56
11383	468
1139	481
11390	300
11397	51
11404	163
11411	26
11418	75
11432	773
11439	46
11446	35
11453	153
1146	63
11460	286
11467	56
11474	7
11481	4401
11488	946
11495	261
11502	119
11509	48
11516	626
11523	23
1153	11
11530	7
11537	42
11544	4
11551	5
11558	6
11565	10
11572	119
11579	10
11586	151
11593	25
116	4359
1160	3235
11600	53
11607	19
11614	364
11621	24
11628	682
11635	8
11642	242
11649	6
11656	22
11663	23
1167	21
11670	42
11677	14
11684	32
11691	6
11698	204
11705	43
11712	9917
11719	12
11726	9
11733	110
1174	30
11740	252
11747	106
11754	6
11761	30
11768	226
11775	4
11782	14618
11789	48
11796	255
11803	9
1181	3476
11810	30
11817	96
11824	387
11831	44
11838	140
11845	768
11852	33
11859	329
11866	56
11873	6
1188	320
11880	101
11887	9
11894	130
11901	21
11908	29
11915	94
11922	6
11929	70
11936	13
11943	524
1195	44
11950	686
11957	19
11964	127
11971	6
11978	54
11985	852
11992	1071
11999	43
12006	43
12013	3977
1202	4376
12020	2535
12027	13
12034	160
12041	15
12048	16
12055	195
12062	5
12069	2753
12076	12
12083	14
1209	6
12090	18
12097	26
12104	65
12111	18
12118	1159
12125	1082
12132	12
12139	111
12146	204
12153	7
1216	493
12160	46
12167	32
12174	59
12181	41
12188	4
12195	190
12202	65
12209	234
12216	4
12223	463
1223	4
12230	8
12237	398
12244	43
12251	266
12258	3911
12265	136
12272	14
12279	25
12286	18
12293	109
123	846
1230	14
12307	79
12314	139
12321	13
12328	15
12342	405
12349	55
12356	16
12363	77
1237	5
12370	17
12377	84
12384	7569
12391	105
12398	119
12405	225
12412	192
12419	5262
12426	8
12433	19
1244	10518
12440	2104
12447	8
12454	32
12461	37
12468	36
12475	102
12482	117
12489	15
12496	2500
12503	38
1251	23
12510	50
12517	9
12524	459
12531	17
12538	498
12545	5517
12552	4
12566	109
12573	105
1258	72
12580	96
12587	86
12594	45
12601	108
12608	46
12615	65
12622	342
12629	46
12636	30
12643	45
1265	22
12650	20
12657	551
12664	212
12671	101
12678	113
12685	23
12692	87
12699	204
12706	219
12713	186
1272	192
12720	942
12727	599
12734	65
12741	788
12748	1406
12755	7
12762	132
12769	5
12776	44
12783	18
1279	28
12790	90
12797	5488
12804	21
12811	1121
12818	14
12825	47
12832	85
12839	152
12846	2023
12853	237
1286	5
12860	113
12867	6
12874	88
12881	69
12888	585
12895	17
12902	243
12909	1205
12916	12536
12923	243
1293	119
12930	120
12937	111
12944	84
12951	279
12958	90
12965	88
12972	83
12979	204
12986	1388
12993	564
13	9
130	3864
1300	6
13000	20
13007	45
13014	1498
13021	147
13028	21
13035	23
13042	4330
13049	685
13056	35
13063	26
1307	9
13070	994
13077	1325
13084	5
13091	50
13098	76
13105	20
13112	48
13119	222
13126	62
13133	136
1314	25
13140	60
13147	2786
13154	4
13161	33
13168	51
13175	164
13182	49
13189	6
13196	1056
13203	1983
1321	38
13210	167
13217	53
13224	35
13231	1434
13238	29
13245	3124
13252	2368
13259	3097
13266	10
13273	149
1328	76
13280	1895
13287	1240
13294	16
13301	27
13308	69
13315	45
13322	34
13329	417
13336	16
13343	135
1335	1282
13350	225
13357	37
13364	42
13371	225
13378	1177
13385	791
13392	65
13399	90
13406	58
13413	4
1342	11
13420	9
13427	11
13434	6
13441	115
13448	24
13455	82
13462	301
13469	5
13476	32
13483	26
1349	73
13490	241
13497	1022
13504	276
13511	575
13518	14
13525	1297
13532	73
13539	108
13546	5
13553	13
1356	778
13560	2547
13567	18
13574	88
13581	52
13588	175
13595	192
13602	11
13609	446
13616	14
13623	123
1363	4
13630	18
13637	509
13644	29
13651	4
13658	51
13672	407
13679	811
13686	45
13693	94
137	308
1370	11
13700	46
13707	312
13714	6
13721	394
13728	20
13735	31
13742	66
13749	64
13756	13
13763	91
1377	1368
13770	26
13777	20
13784	31
13791	100
13798	996
13805	423
13812	6
13819	6935
13826	125
13833	17
1384	6
13840	69
13847	17
13854	272
13861	237
13868	16
13875	45
13882	743
13889	1281
13896	12
13903	49
1391	510
13910	10
13917	101
13924	903
13931	217
13938	145
13945	416
13952	27
13959	70
13966	5484
13973	58
1398	4244
13980	233
13987	68
13994	55
14001	488
14008	7
14015	10
14022	47
14029	61
14036	563
14043	526
1405	980
14050	1257
14057	358
14064	197
14071	112
14078	99
14085	37
14092	26
14099	5
14106	28
14113	95
1412	19
14120	10
14127	2692
14134	365
14141	475
14148	402
14155	10
14162	136
14169	9
14176	19
14183	2794
1419	8
14190	104
14197	11279
14204	356
14211	4460
14218	8568
14225	19
14232	6
14239	186
14246	43
14253	10
1426	326
14260	49
14267	4905
14274	42
14281	73
14288	6
14295	744
14302	51
14309	854
14316	11
14323	5
1433	16
14330	126
14337	378
14344	96
14351	121
14358	269
14365	161
14372	1069
14379	1651
14386	1647
14393	15
144	39
1440	1277
14400	86
14407	22
14414	967
14421	1386
14428	30
14435	8
14442	32
14449	474
14456	31
14463	10
1447	2144
14470	566
14477	2280
14491	3962
14498	157
14505	705
14512	92
14519	951
14526	25
14533	9
1454	13
14540	2119
14547	43
14554	57
14561	38
14568	46
14575	959
14582	666
14596	125
14603	62
1461	388
14610	64
14617	98
14624	41
14631	20
14638	40
14645	1371
14652	960
14659	491
14666	37
14673	887
1468	5512
14680	519
14687	206
14694	68
14701	10
14708	135
14715	8848
14722	247
14729	44
14736	61
14743	20
1475	17
14750	15
14757	14
14764	4008
14771	328
14778	6445
14785	142
14792	30
14799	107
14806	119
14813	11
1482	35
14820	181
14827	62
14834	5
14841	10
14848	30
14855	42
14862	1801
14869	93
14876	34
14883	29
1489	19
14890	1101
14897	6262
14904	869
14911	10
14918	48
14925	105
14932	6
14939	75
14946	19
14953	14
1496	23
14960	122
14967	100
14974	152
14981	113
14988	38
14995	5
15002	6
15009	73
15016	366
15023	234
1503	2480
15030	227
15037	96
15044	62
15051	20
15058	62
15065	127
15072	14
15079	174
15086	44
15093	98
151	5
1510	7
15100	2711
15107	338
15114	93
15121	30
15128	10
15135	6
15142	11
15149	7
15156	74
15163	38
1517	68
15170	69
15177	182
15184	208
15191	19
15198	17
15205	55
15212	20
15219	16
15226	1221
15233	253
1524	53
15240	112
15247	15
15254	49
15261	10390
15268	67
15275	73
15282	79
15289	12
15296	26
15303	95
1531	15
15310	73
15317	91
15324	1024
15331	5
15338	21
15345	7
15352	116
15359	5270
15366	877
15373	21
1538	88
15380	56
15387	6
15394	12
15401	5
15415	20
15422	62
15429	1261
15436	10
15443	10
1545	604
15450	64
15457	435
15464	751
15471	40
15478	395
15485	742
15492	4
15499	20
15506	154
15513	52
1552	104
15520	110
15527	940
15534	32
15541	4554
15548	5
15555	119
15562	31
15569	134
15576	873
15583	9
1559	6858
15590	60
15597	20
15604	2763
15611	9
15618	940
15625	34
15632	23
15646	83
15653	303
1566	45
15660	345
15667	6
15674	273
15681	6
15688	11
15695	40
15702	25
15709	378
15716	420
15723	21
1573	55
15730	6
15737	66
15744	185
15751	153
15758	448
15765	364
15772	2372
15779	222
15786	47
15793	209
158	181
1580	4
15800	41
15807	65
15814	13
15821	17
15828	5
15835	325
15842	1763
15849	6
15856	5
15863	24
1587	147
15870	12
15884	20
15891	1168
15898	24
15905	748
15912	144
15919	37
15926	101
15933	117
1594	10
15947	242
15954	79
15961	22
15968	173
15975	317
15982	44
15989	113
15996	416
16003	5
1601	35
16010	13
16017	199
16024	17
16031	450
16038	60
16045	5
16052	71
16059	87
16066	422
16073	84
1608	5
16080	23
16087	133
16094	17
16101	160
16108	714
16115	179
16122	210
16129	5
16136	626
16143	382
1615	8
16150	138
16157	20
16164	46
16171	55
16178	255
16185	30170
16192	323
16199	18
16206	192
16213	1185
1622	8
16220	510
16227	69
16234	2672
16241	804
16248	9
16255	9
16262	7723
16269	14
16276	199
16283	5869
1629	87
16290	6301
16297	52
16304	64
16311	19
16318	7
16325	1544
16332	245
16339	364
16346	6
16353	84
1636	4
16360	7
16367	77
16374	56
16381	134
16388	48
16395	12
16402	9
16409	459
16416	23
16423	202
1643	610
16430	216
16437	18
16444	32
16451	14
16458	17
16465	317
16472	31
16479	2354
16486	641
16493	50
165	1343
1650	18
16500	14
16507	343
16514	36
16521	10531
16528	1397
16535	345
16542	4
16549	107
16556	1227
16563	92
1657	6
16570	3375
16577	14
16584	85
16591	5
16598	25
16605	173
16612	17
16619	399
16626	13
16633	250
1664	60
16640	29
16647	1288
16654	16
16661	82
16668	618
16675	86
16682	146
16689	26
16696	10772
16703	663
1671	75
16710	1040
16717	36
16724	7
16731	111
16738	13
16745	26
16752	523
16759	35820
16766	776
16773	491
1678	56
16780	11
16787	107
16794	29
16801	154
16808	120
16815	103
16822	10
16829	19
16836	7
16843	11
1685	649
16850	10
16857	478
16864	1575
16871	316
16878	4
16885	286
16892	56
16899	96
16906	182
16913	384
1692	234
16920	2830
16927	304
16934	5
16941	4
16948	376
16955	51
16962	14
16969	23
16976	70
16983	4
1699	9
16990	23
16997	949
17004	57
17011	33
17018	67
17025	1270
17032	125
17039	17
17046	170
17053	247
1706	122
17060	68
17067	72
17074	110
17081	66
17088	18
17095	236
17102	6
17109	43
17116	13
17123	1795
1713	481
17130	431
17137	81
17144	13
17151	742
17158	55
17165	16
17172	98
17179	75
17186	41
17193	56
172	97
1720	5
17200	2484
17207	4148
17214	15
17221	376
17228	6
17235	281
17242	80
17249	5
17256	216
17263	25
1727	136
17270	15
17277	39
17284	8423
17291	8
17298	4
17305	23
17312	67
17319	303
17326	426
17333	1489
1734	19
17340	77
17347	58
17354	32
17361	16
17368	615
17375	670
17382	30
17389	450
17396	191
17403	276
1741	40
17410	37
17417	279
17424	276
17431	75
17438	263
17445	27
17452	6
17459	911
17466	11
17473	4
1748	29
17480	14
17487	4441
17494	11
17501	125
17508	102
17515	22
17522	20
17529	71
17536	108
17543	6
1755	75
17550	650
17557	34
17564	18
17571	94
17578	41
17592	977
17599	47
17606	299
17613	8
1762	67
17620	62
17627	170
17634	3235
17641	71
17648	9
17655	57
17662	52
17669	90
17676	208
17683	44
1769	4
17690	77
17697	8
17704	2360
17711	14
17718	4
17725	1200
17739	15
17746	109
17753	44
1776	194
17760	126
17767	7
17774	82
17781	434
17788	73
17795	14016
17802	200
17809	8
17816	9
17823	48
1783	1002
17830	2014
17837	29
17844	24
17851	19
17858	2677
17865	240
17872	16246
17879	4
17886	35
17893	8
179	73
1790	9
17900	876
17907	76
17914	78
17921	99
17928	64
17935	32
17942	34
17949	11339
17956	1448
17963	5
1797	10
17970	46
17977	4
17984	60
17991	55
17998	256
18005	4
18012	83
18019	6081
18026	343
18033	27
1804	1805
18040	137
18054	54
18061	216
18068	5
18075	13
18082	4
18089	120
18096	5
18103	52
1811	718
18110	231
18117	613
18124	8
18131	24
18138	160
18145	41
18152	331
18159	4464
18166	103
18173	55
1818	699
18180	200
18187	77
18194	23
18201	1069
18208	242
18215	86
18222	192
18229	283
18236	9
18243	1241
1825	237
18250	20
18257	12
18264	71
18271	32
18278	65
18285	598
18292	616
18299	4
18306	79
18313	164
1832	5
18320	6
18327	552
18334	207
18341	172
18348	263
18355	145
18362	23006
18369	54
18376	1676
18383	96
1839	12
18390	19
18397	76
18404	295
18411	748
18418	4121
18425	33
18432	1704
18439	3747
18446	14
18453	35
1846	499
18460	1515
18467	47
18474	39
18481	68
18488	554
18495	7
18502	1310
18509	48
18516	258
18523	23034
1853	144
18530	15
18537	364
18544	135
18551	24
18558	11
18565	623
18572	69
18579	5
18586	21
18593	6
186	581
1860	60
18600	4
18607	9
18614	23
18621	12
18628	83
18635	102
18642	10
18649	23
18656	9381
18663	50
1867	6
18670	5497
18677	1187
18684	23
18691	461
18698	140
18712	4
18719	353
18726	19
18733	64
1874	42
18740	765
18747	1040
18754	9
18761	2941
18768	20
18775	12
18782	147
18789	86
18796	248
18803	40
1881	65
18810	142
18817	22
18824	14
18831	20
18838	2865
18845	21
18852	95
18859	84
18866	62
18873	525
1888	135
18880	7336
18887	82
18894	322
18901	204
18908	2840
18915	151
18922	21
18929	9
18936	12
18943	51
1895	40
18950	82
18957	212
18964	43
18971	412
18978	276
18985	421
18992	113
18999	266
19006	8080
19013	26
1902	424
19020	198
19027	9
19034	172
19041	330
19048	19847
19055	96
19062	123
19069	207
19076	2081
19083	4
1909	352
19090	12
19097	1414
19104	176
19111	179
19118	50
19125	5381
19132	190
19139	6
19146	391
19153	4
1916	114
19160	174
19167	344
19174	1899
19181	36
19188	14
19195	16
19202	1083
19209	579
19223	9
1923	60
19230	27
19237	18
19244	639
19251	362
19258	191
19265	216
19272	2498
19279	16
19286	134
19293	10
193	10
1930	289
19300	11
19307	92
19314	45
19321	30
19328	21
19335	33
19342	31
19349	5
19356	158
19363	125
1937	112
19370	4669
19377	10
19384	512
19398	1025
19405	15
19412	131
19419	12
19426	38
19433	20
1944	48
19440	26
19447	144
19454	241
19461	470
19468	5158
19475	100
19482	150
19489	63
19496	116
19503	1017
1951	38
19510	138
19517	149
19524	5
19531	59
19538	406
19545	26
19552	10
19559	476
19566	5
19573	18
1958	264
19580	5
19587	76
19594	22
19601	31
19608	8
19615	352
19622	10
19629	17
19636	42
19643	489
1965	85
19650	613
19657	23
19664	210
19671	277
19678	32534
19685	10
19692	46
19706	13101
19713	70
1972	33
19720	10
19727	119
19734	5099
19741	311
19748	304
19755	5
19762	35
19769	155
19776	99
19783	34
1979	1809
19790	10
19797	12
19804	70
19811	658
19818	51
19825	86
19832	13
19839	131
19846	808
19853	59
1986	112
19860	56
19867	227
19874	7
19881	61
19888	151
19895	5051
19902	270
19909	12
19916	7
19923	13
1993	405
19930	133
19937	139
19944	136
19951	249
19958	177
19965	17
19972	1317
19979	28
19986	112
19993	93
2	90
20	6
200	8
2000	11
20000	121
20007	216
20014	946
20021	1231
20028	16
20035	5
20042	1300
20049	104
20056	12
20063	1195
2007	155
20070	202
20077	189
20084	2493
20091	6
20098	69
20105	77
20112	598
20119	17411
20126	1024
20133	7
2014	2529
20140	116
20147	258
20154	14
20161	1502
20168	1894
20175	824
20182	28
20189	5
20196	4
20203	8
2021	147
20210	8
20217	644
20224	7
20231	68
20238	16
20245	14
20252	9
20259	786
20266	37
20273	54
2028	40
20280	1549
20287	162
20294	46
20301	19
20308	20
20315	25
20322	18
20329	5
20336	20
20343	69
2035	152
20350	47
20357	30
20364	296
20378	5468
20385	386
20392	2546
20399	127
20406	564
20413	318
2042	14
20420	18
20427	189
20434	202
20441	41
20448	1376
20455	7
20462	15
20469	377
20476	23
20483	100
2049	37
20490	170
20497	63
20504	87
20511	65
20518	1971
20525	27
20532	33
20539	29
20546	60
20553	209
2056	29
20560	16
20567	447
20574	10195
20581	38
20588	2848
20595	229
20602	97
20609	201
2063	2840
20630	25
20637	54
20644	17
20651	18
20658	548
20665	109
20672	101
20679	57
20686	213
20693	1690
207	849
2070	156
20700	30
20707	7
20714	7
20721	351
20728	51
20735	35
20742	24
20749	47
20756	122
20763	21
2077	469
20770	89
20777	20
20784	195
20791	1381
20798	6
20805	14
20812	67
20819	18
20826	151
20833	179
2084	18
20840	1117
20847	155
20854	54
20861	86
20868	299
20875	8
20882	7
20889	192
20896	554
20903	19
2091	8775
20910	36
20917	98
20924	46
20931	73
20938	475
20945	114
20952	15
20959	122
20966	25
20973	490
2098	13
20980	373
20987	32
20994	49
21001	57
21008	32
21015	317
21022	678
21029	82
21036	4
21043	423
2105	72
21050	2313
21057	1688
21064	78
21071	15
21078	17
21085	229
21092	591
21099	53
21106	199
21113	5
2112	16
21120	21
21127	31
21134	657
21141	52
21148	46
21155	51
21162	5563
21169	560
21176	328
21183	1574
2119	181
21190	97
21197	43
21204	47
21211	10
21218	44
21225	986
21232	21
21239	6
21246	753
21253	151
2126	13
21260	219
21267	16318
21274	18
21281	87
21288	22864
21295	13637
21302	87
21309	72
21316	515
21323	385
2133	33
21330	979
21337	7
21344	2152
21351	2353
21358	17
21365	6
21372	1487
21379	73
21386	11504
21393	901
214	17
2140	60
21400	47
21407	12
21414	62
21421	183
21435	300
21442	51
21449	643
21456	10
21463	4813
2147	29
21470	27
21477	372
21484	595
21491	131
21498	57
21505	29
21512	1062
21519	93
21526	3819
21533	144
2154	1426
21540	26
21547	51
21554	203
21561	6
21568	171
21575	382
21582	784
21589	145
21596	90
21603	2218
2161	5
21610	114
21617	17
21624	56
21638	5
21645	188
21652	63
21659	44
21666	17
21673	76
2168	44
21680	46
21687	131
21694	569
21701	409
21708	44
21715	280
21722	15
21729	88
21736	28
21743	164
2175	150
21750	29
21757	198
21764	36
21771	114
21778	68
21785	46
21792	71
21799	223
21806	343
21813	383
2182	14
21820	4
21827	54
21834	76
21841	4451
21848	70
21855	12
21862	25
21869	123
21876	76
21883	881
2189	46
21890	609
21897	12
21904	25
21911	12
21918	15
21925	2665
21932	22
21939	47
21946	256
21953	1357
2196	6
21960	14
21967	7
21974	108
21981	24
21988	7
21995	145
22002	26
22009	16
22016	7
22023	127
2203	57
22030	59
22037	232
22044	20
22051	144
22058	324
22065	63
22072	7
22079	48
22086	63
22093	1263
221	47
2210	4325
22107	18
22114	306
22128	1295
22135	118
22142	8478
22149	743
22156	29
22163	98
2217	4
22170	2678
22177	7
22184	34
22191	18
22198	1229
22205	5
22212	72
22219	11
22233	79
2224	122
22240	788
22247	4771
22254	5
22261	44
22268	319
22275	3537
22282	1113
22289	303
22296	35
22303	100
2231	215
22310	85
22317	463
22324	46
22331	7
22338	39
22345	30
22352	7
22359	1525
22366	45
22373	53
2238	3012
22380	88
22387	185
22394	55
22401	17
22408	26
22415	36
22422	402
22429	200
22436	170
22443	160
2245	1425
22450	27
22457	94
22464	5
22471	32
22478	50
22485	184
22492	45
22499	22
22506	21
22513	32
2252	5
22520	796
22527	23
22534	642
22541	82
22548	1255
22555	16
22562	27
22569	379
22576	167
22583	708
2259	8
22590	14
22597	565
22604	57
22611	8
22618	5
22625	41
22632	67
22639	125
22646	309
22653	24
2266	7
22660	61
22667	1371
22674	11
22681	19
22688	16
22695	2092
22702	8
22716	377
22723	13
2273	98
22730	67
22737	18
22744	338
22751	234
22758	10
22765	127
22772	32
22779	21
22786	11
22793	409
228	1558
2280	530
22800	9
22807	70
22814	427
22821	15
22828	1388
22835	60
22842	161
22849	10347
22856	174
22863	27
2287	6
22870	142
22877	6
22884	19
22891	11
22898	24
22912	186
22919	5
22926	7
22933	865
2294	59
22940	9
22947	1314
22954	12
22961	311
22968	78
22975	28
22982	62
22989	765
22996	6
23003	10
2301	67
23010	192
23017	172
23024	99
23031	237
23038	499
23045	25
23052	188
23059	323
23066	32
23073	5
2308	24
23080	33
23087	344
23094	3991
23101	43
23108	4
23115	1539
23122	24
23129	18
23136	11
23143	34
2315	84
23150	159
23157	121
23164	19
23171	89
23178	4372
23185	198
23192	2098
23199	81
23206	127
23213	29
2322	759
23220	38
23227	4
23234	965
23241	284
23248	579
23255	13
23262	255
23269	4
23276	44
23283	16
2329	18
23290	87
23297	102
23304	1165
23311	28
23318	7
23325	25
23332	6
23339	5355
23346	4
23353	30
2336	151
23360	975
23367	40
23374	622
23381	6
23388	208
23395	163
23402	8
23409	136
23416	375
23423	2415
2343	14
23430	1237
23437	194
23444	52
23451	295
23458	67
23465	58
23472	874
23479	45
23486	139
23493	70
235	28
2350	3636
23500	30
23507	13
23514	14
23521	6
23528	7
23535	413
23542	8
23549	715
23556	123
23563	544
2357	57
23570	139
23577	25
23584	125
23591	6
23598	10
23605	99
23612	343
23619	203
23626	44
23633	74
2364	109
23640	5
23647	24
23654	11
23661	50
23668	18
23675	26
23682	30
23689	38
23696	109
23703	28
2371	201
23710	347
23717	25
23724	60
23731	38
23738	97
23745	136
23752	177
23759	14
23766	9
23773	7
2378	203
23780	60
23787	38
23794	618
23801	6773
23808	58
23815	664
23822	1412
23829	325
23836	1376
23843	6
2385	19
23850	85
23857	13
23864	309
23871	30
23878	56
23892	1960
23899	7
23906	62
23913	66
2392	37
23920	11
23927	212
23934	55
23941	11
23948	13
23955	2268
23962	315
23969	18
23976	6
23983	9
2399	43
23990	142
23997	16
24004	1187
24011	266
24018	132
24025	147
24032	35
24039	44
24046	8
24053	2178
2406	30
24060	6
24067	20
24074	6
24081	22
24088	10
24102	135
24109	264
24116	106
24123	395
2413	233
24130	47
24137	41
24144	25
24151	5
24158	8
24165	152
24172	11
24179	1513
24186	4796
24193	16
242	138
2420	8
24200	7
24207	160
24214	581
24221	9284
24228	9
24235	4774
24242	914
24249	374
24256	78
24263	2193
2427	52
24270	70
24277	9
24284	13
24291	401
24305	18
24312	117
24319	21
24326	170
24333	826
2434	182
24340	62
24347	475
24354	24
24361	784
24368	314
24375	36
24382	6719
24389	548
24396	51
24403	22
2441	8
24410	95
24417	21
24424	6
24431	136
24438	287
24445	6
24452	5
24459	50
24466	31
24473	34
2448	6
24480	5
24487	311
24494	7
24501	4
24508	536
24515	30
24522	14
24529	26
24536	51
24543	89
2455	5
24550	15
24557	55
24564	16
24571	1148
24578	116
24585	4
24592	6
24599	59
24606	22
24613	207
2462	351
24620	31
24627	25
24634	26
24641	5
24648	15
24655	23
24662	160
24669	268
24676	20
24683	31
2469	1423
24690	42
24697	10
24704	159
24711	116
24718	8
24725	233
24732	26
24739	466
24746	178
24753	66
2476	121
24760	39
24767	5
24774	121
24781	60
24788	24
24795	280
24802	4
24809	161
24816	835
24823	15
2483	13
24830	23642
24837	108
24844	67
24851	9
24858	85
24865	57
24872	31
24879	6
24886	34
24893	131
249	5
2490	46
24900	15
24907	169
24914	85
24921	84
24928	1030
24935	27
24942	40
24949	37
24956	403
24963	27
2497	63
24970	150
24977	53
24984	29
24991	19
24998	20
25005	7299
25012	110
25019	6
25026	30
25033	7
2504	174
25040	7
25047	7
25054	5
25061	54
25068	4
25075	120
25082	44
25089	649
25096	18
25103	74
2511	5
25110	301
25117	5
25124	632
25138	11552
25152	378
25159	88
25166	36
25173	7
2518	31
25180	29
25187	333
25194	803
25201	8
25208	104
25215	143
25222	10
25229	31
25236	52
25243	33
2525	87
25250	5
25257	127
25264	8
25271	15
25278	21
25285	80
25292	12
25299	135
25306	12
25313	10
2532	34
25320	75
25327	5
25334	14
25341	380
25348	11
25355	525
25362	1010
25369	6
25376	39
2539	695
25390	6
25397	201
25404	116
25411	35
25418	116
25425	374
25432	6
25439	216
25446	31
25453	44
2546	8
25460	33
25467	10
25474	14
25481	45
25488	13
25495	3074
25502	39
25509	311
25516	5
25523	12
2553	8
25530	495
25537	212
25544	6002
25551	814
25558	62
25565	27
25572	26
25579	385
25586	70
25593	101
256	391
2560	8
25600	53
25607	6
25614	8
25628	5
25635	7
25642	389
25649	13
25656	7
25663	8
2567	67
25670	2003
25677	11
25684	13
25691	2930
25698	23
25705	5943
25712	19
25726	47
25733	105
2574	478
25740	719
25747	318
25754	4
25761	37
25768	100
25775	30
25782	359
25789	6
25796	243
25803	20
2581	3901
25810	109
25817	1625
25824	11178
25831	67
25838	193
25852	1823
25859	25
25866	12
2588	512
25880	13
25887	105
25894	48
25901	365
25908	144
25915	207
25922	10
25929	21
25936	2875
25943	41
2595	38
25950	20
25957	9
25964	7
25971	30
25978	133
25985	4572
25992	4
25999	309
26006	466
26013	175
2602	88
26020	7
26027	17
26034	164
26041	32
26048	44
26055	1171
26062	408
26069	19
26076	68
26083	755
2609	133
26090	243
26097	30
26104	1867
26111	169
26118	1315
26125	17
26132	57
26139	425
26146	16
26153	7
2616	253
26160	6
26167	45
26174	271
26181	27
26188	134
26195	20
26202	4
26209	140627
26216	823
26223	741
2623	8
26230	56
26237	8
26244	9
26251	366
26258	18
26265	202
26272	170
26279	88
26286	581
26293	379
263	172
2630	26
26300	753
26307	1591
26314	1187
26321	557
26328	64
26335	7
26342	80
26349	483
26356	36
26363	69
2637	31
26370	92
26377	39
26384	11655
26391	57
26398	25
26405	1214
26412	787
26419	829
26426	9
26433	74
2644	96
26440	23
26447	47
26454	451
26461	11
26468	15
26475	738
26482	173
26489	254
26496	42
26503	478
2651	2464
26510	683
26517	45
26524	131
26531	27
26538	16
26545	6
26552	144
26559	512
26566	451
26573	81
2658	1195
26580	8
26587	998
26594	23
26601	6
26608	32
26615	18
26622	9
26629	5541
26636	31
26643	208
2665	61
26650	28
26657	24
26664	285
26671	76
26678	6
26685	8
26692	116
26699	13
26706	2427
26713	20
2672	10
26720	116
26727	205
26741	80
26748	31
26755	21
26762	12
26769	1450
26776	65
26783	101
2679	51
26790	16129
26797	10
26804	13
26811	27
26818	37
26825	5
26832	13
26839	648
26846	10
26853	29
2686	18
26860	200
26867	13
26874	4
26881	201
26888	28
26895	51
26902	44
26909	467
26916	344
26923	151
2693	593
26930	9
26937	673
26944	26
26951	34
26965	27
26972	210
26979	29
26986	12
26993	168
27	184
270	187
2700	74
27000	484
27007	127
27014	100
27021	7
27028	306
27035	112
27042	21
27049	9
27056	77
2707	2349
27070	296
27077	480
27084	23
27091	4
27098	301
27105	1720
27112	49
27119	32
27126	173
27133	486
2714	156
27140	81
27147	1554
27154	44
27161	38
27168	33
27175	15
27182	155
27189	798
27196	4096
27203	211
2721	6
27210	14
27217	21
27224	174
27231	620
27238	484
27245	15
27252	13
27259	14
27266	75
27273	9
2728	50
27280	21
27287	64
27294	1224
27301	4
27308	87
27315	412
27322	5
27329	4
27336	14687
27343	13
2735	87
27357	4
27364	166
27371	129
27378	197
27385	6
27392	3700
27399	32
27406	23
27413	2659
2742	104
27420	46
27427	13
27434	14
27441	31
27448	100
27455	17
27462	230
27469	15
27476	537
27483	19
2749	32
27490	9
27497	18
27504	15
27511	2615
27518	9
27525	20
27532	50
27539	23
27546	92
27553	755
2756	15
27560	5
27567	273
27574	27
27581	109
27588	16
27595	38
27602	21
27609	11
27616	69
27623	79
2763	3382
27630	8
27637	63
27644	412
27651	110
27658	120
27665	553
27672	4
27679	14
27686	166
27693	51
277	3037
2770	2216
27700	46
27707	4
27714	1394
27721	21
27728	11
27735	835
27742	43
27749	79
27756	58
27763	45
2777	19
27770	437
27777	16
27784	15
27791	17
27798	8
27805	10
27812	4
27819	13
27826	134
27833	16
2784	18
27840	115
27847	899
27854	68
27861	25
27868	261
27875	65
27882	5
27889	11
27896	16
27903	2486
27910	313
27917	23
27924	203
27931	181
27938	290
27945	661
27952	71
27959	1690
27966	137057
27973	464
2798	7
27980	146
27987	18
27994	119
28001	50
28008	1086
28015	220
28022	122
28029	5
28036	9
28043	21
2805	240
28050	987
28057	8
28064	215
28071	2119
28078	30
28085	130
28092	1606
28099	77
28106	379
28113	100
2812	67
28120	12
28127	615
28134	504
28141	7
28148	317
28155	1211
28162	5
28169	241
28176	25
28183	8
28190	21
28197	12
28204	89632
28211	134
28218	259
28225	19
28232	292
28239	79
28246	79
28253	7
2826	59
28260	5
28267	54
28274	39
28281	604
28288	9
28295	59
28302	32
28309	2181
28316	114
28323	84
2833	18
28330	1006
28337	105
28344	119
28351	9
28358	1113
28365	11
28372	88
28379	616
28386	215
28393	9
284	174
2840	47
28400	44
28407	515
28414	8
28421	153
28435	81
28442	194
28449	1364
28456	110
28463	9
2847	420
28470	19
28484	6
28491	55
28498	340
28505	56
28512	11
28519	48
28526	8
28533	28
2854	160
28540	16
28547	353
28554	101
28561	8
28568	429
28575	57
28582	358
28589	25
28596	20
28603	63
2861	121
28610	284
28617	81
28624	4
28631	123
28638	47
28645	46
28652	14
28659	86
28666	293
28673	9
2868	14
28680	51
28687	318
28694	78
28701	8
28708	10
28715	2056
28722	19
28729	101
28736	14
28743	16
2875	11
28750	8
28757	348
28764	719
28771	144
28778	95
28785	6344
28792	96
28799	174
28806	8
28813	29
2882	78
28820	575
28827	70
28834	525
28841	117
28848	194
28855	21
28862	2121
28869	12
28876	79
28883	637
2889	76
28890	17
28897	25
28904	87
28911	1822
28918	3139
28925	17
28932	117
28939	559
28946	2626
28953	147
2896	43
28960	12
28967	214
28974	166
28981	39
28988	9
28995	8
29002	10
29009	451
29016	8
29023	71
2903	37
29030	58
29037	4
29044	201
29051	295
29058	37
29065	11
29072	30
29079	1681
29086	12
29093	49
291	15
2910	41
29100	5
29107	156
29114	6
29121	169
29128	6
29135	50
29142	1923
29149	104
29156	732
29163	224
2917	99
29170	71
29177	7
29184	243
29191	287
29198	316
29205	218
29212	81
29219	5
29226	152
29233	13
2924	31
29240	234
29247	8
29254	69
29261	39
29268	291
29275	14
29282	9
29289	93
29296	7
29303	13
2931	77
29310	255
29317	8
29324	41
29331	12
29338	6
29345	2676
29352	207
29359	35
29366	130
29373	2594
2938	161
29380	316
29387	2588
29394	32
29401	72
29408	141
29415	43
29422	20
29429	1553
29436	130
29443	215
2945	42
29450	385
29457	143
29464	18
29471	989
29478	159
29485	12
29492	4
29499	432
29506	1907
29513	6
2952	9
29520	677
29527	372
29534	7
29541	105
29548	132
29555	12
29562	47
29569	53
29576	23
2959	35
29590	19
29597	50
29604	119
29611	227
29618	11
29625	105
29632	45
29646	2300
29653	5
2966	18183
29660	1252
29667	29
29674	372
29681	363
29688	80
29695	854
29702	13
29709	8
29716	18
29723	64
2973	45
29730	9
29737	45
29744	1093
29751	56
29758	635
29765	9
29772	31
29779	12
29786	136
29793	19
298	43
2980	15
29800	86
29807	112
29814	136
29821	364
29828	115
29835	131
29842	28
29849	188
29856	6
2987	53
29870	204
29877	51
29884	4
29891	52
29898	6310
29905	317
29912	302
29919	170
29926	8347
29933	38
2994	564
29940	4
29947	12
29954	13
29961	10
29968	54
29975	133
29982	57
29989	216
29996	1285
30003	15
3001	14
30010	111
30017	127
30024	1794
30031	102
30038	223
30045	43
30052	4
30059	240
30066	912
30073	692
3008	28
30080	8
30094	31
30101	11
30108	111
30115	7
30122	1255
30129	105
30136	21
30143	18
3015	63
30150	11
30157	195
30164	96
30171	10
30178	20
30185	16
30192	3238
30199	63
30206	23
30213	8
3022	38
30220	300
30227	740
30234	8
30241	86
30248	5
30255	19
30262	11
30269	9
30276	143
30283	4
3029	60
30290	4930
30297	61
30304	307
30311	34
30318	9
30325	351
30332	11
30339	339
30346	20
30353	8974
3036	125
30360	12
30374	24
30381	10
30388	650
30395	16
30402	20
30409	34
30416	5
30423	16
3043	16
30430	346
30437	36
30444	26
30458	5
30472	8
30479	61
30486	1086
305	228
3050	88
30500	422
30507	96
30514	75
30521	7
30528	13
30535	263
30542	146
30549	350
30556	30
30563	750
3057	298
30570	593
30577	111
30584	1243
30591	3505
30598	35
30605	31
30612	31
30619	67
30626	12
30633	2188
3064	5
30640	51
30647	78
30661	1395
30668	2844
30675	984
30682	280
30689	7
30696	8880
30703	216
3071	327
30710	120
30717	212
30724	6
30731	2422
30738	31
30745	699
30752	466
30759	1429
30766	29
30773	59
3078	72
30780	17
30787	329
30794	32
30801	191
30808	467
30815	4
30822	82
30829	31
30836	84
30843	42
3085	322
30850	5116
30857	91
30864	5
30871	69
30878	546
30885	357
30892	17
30899	95
30906	73
30913	154
3092	294
30920	7
30927	26
30934	138
30941	153
30948	12
30955	433
30962	3079
30969	7
30976	31
30983	30
3099	98
30990	104
30997	15
31004	115
31011	9
31018	233
31025	11
31032	37
31039	116
31046	39
31053	8
3106	7
31060	781
31067	153
31074	395
31081	535
31088	5
31095	107
31102	4095
31109	10
31116	363
31123	53
3113	13
31130	2264
31137	7
31144	30
31151	77
31158	90
31165	36
31172	13
31179	45
31186	10
31193	83
312	5
3120	152
31200	21
31207	16
31214	76
31221	65
31228	785
31235	283
31242	2380
31249	64
31256	171
31263	2145
3127	4
31270	29
31277	560
31284	16
31291	42
31298	12
31305	487
31312	46
31319	38
31326	288
3134	16
31340	75
31347	64
31354	477
31361	4
31368	6
31375	13
31382	453
31389	20
31396	83
31403	58
3141	5
31410	244
31417	72
31424	26
31431	24
31438	27
31445	666
31452	17
31459	608
31466	9
31473	13
3148	217
31480	42
31487	3049
31494	7
31501	131
31508	29
31515	37
31522	4
31529	167
31536	70
31543	24
3155	55
31550	20
31557	4111
31564	4149
31571	254
31578	128
31585	206
31592	12
31599	102
31606	19
31613	213
3162	46
31620	7
31627	10
31634	2060
31641	110
31648	119
31655	46
31662	1121
31669	41
31676	570
31683	19345
3169	704
31690	6
31697	59
31704	13
31711	9
31718	14
31725	1586
31732	134
31739	106
31746	19
3176	305
31760	22
31767	100
31774	52
31781	14
31788	46
31795	34
31802	483
31809	15
31816	5
31823	269
3183	41
31830	26
31837	199
31844	73
31851	32
31858	46
31865	1151
31872	752
31879	70
31886	1838
31893	2151
319	201
3190	26
31900	235
31907	122
31914	15
31921	221
31928	34
31935	18
31942	270
31949	37
31956	207
31963	216
3197	11
31970	1241
31977	86
31984	7
31991	312
31998	34
32005	179
32012	25
32019	564
32026	12
32033	1287
3204	24
32040	7
32047	2447
32054	6
32061	7
32068	166
32075	37
32082	18
32089	8
32096	2522
32103	60
3211	1021
32110	351
32124	370
32131	128
32138	230
32145	20
32152	122
32159	65
32166	6
32173	24
3218	60
32180	6
32187	13
32194	123
32201	1666
32208	15
32215	14
32222	107
32229	143
32236	22
32243	17
3225	6
32250	16
32257	22
32264	37
32271	2000
32278	7
32285	1167
32292	5
32299	5046
32306	48
32313	84
3232	12
32320	440
32327	159
32334	71
32341	36
32348	42
32355	189
32362	7
32369	3025
32376	69
32383	10
3239	5
32390	485
32397	98
32404	314
32411	10
32418	23
32425	6
32432	28
32439	294
32446	3931
32453	219
3246	30
32460	314
32467	3658
32474	29
32481	5
32488	15
32495	17
32502	464
32509	13
32516	40
32523	875
3253	39
32537	5362
32544	227
32551	25
32558	8
32565	32
32572	283
32579	3466
32586	19
32593	41
326	49
3260	373
32600	28
32607	309
32614	59
32621	183
32628	112
32635	515
32642	2024
32649	4
32656	143
32663	43
3267	185
32670	13
32677	555
32684	2244
32691	12117
32698	6
32705	90
32712	753
32726	173
32733	22
3274	2566
32740	5701
32747	8731
32754	16
32761	8
32768	502
32775	263
32782	1030
32789	20
32796	45
32803	40
3281	36
32810	396
32817	4
32824	30
32831	1807
32838	109
32845	9
32852	287
32859	526
32866	12
32873	241
3288	62
32880	105
32887	96
32901	56
32908	10
32915	1535
32922	6
32929	11
32936	9
32943	601
3295	1214
32950	1979
32957	9
32964	323
32971	1317
32978	491
32985	167
32999	96
33006	17
33013	50
3302	4
33020	95
33027	305
33034	4
33041	1902
33048	11
33055	9929
33062	18
33069	5
33076	15
33083	83
3309	64
33090	2312
33104	695
33111	10
33118	62
33125	1679
33132	203
33139	62
33146	8
33153	1204
3316	14
33160	100
33167	24
33174	77
33181	21
33188	6
33195	2222
33202	25
33209	236
33216	976
33223	104
3323	206
33230	339
33237	348
33244	44
33251	352
33258	190
33265	11
33272	90
33279	5116
33286	86
33293	6
333	65
3330	2238
33300	27
33307	23
33314	535
33321	18
33328	77
33335	123
33342	1574
33349	14
33356	130
33363	48
3337	111
33370	2157
33384	103
33391	164
33398	555
33405	10
33412	91
33419	33
33426	8
33433	261
3344	329
33454	1579
33461	20
33468	1884
33475	43
33482	6
33489	1316
33496	33
33503	1196
3351	27
33510	20
33517	33
33524	11
33531	15
33538	19
33545	20
33552	438
33559	353
33566	17
33573	41
3358	1833
33580	156
33587	404
33594	11
33601	49
33608	71
33615	15
33622	172
33629	17
33636	6370
33643	54
3365	13
33650	7
33657	304
33664	698
33671	2599
33678	26
33685	7
33692	81
33699	49
33706	1137
33713	11
3372	38
33720	934
33727	8
33734	24
33741	2315
33748	445
33755	10
33769	5
33776	287
33783	1823
33790	58
33797	18
33804	57
33811	32
33818	22
33825	2291
33832	102
33839	15
33846	5979
33853	13
3386	14
33860	21
33867	35
33874	7
33881	257
33888	20
33895	38
33902	8
33909	2293
33916	40
33923	12
3393	15
33930	44
33937	201
33944	191
33951	54
33958	51
33965	7
33972	32
33979	115
33986	366
33993	6
34	6536
340	569
3400	200
34000	65
34007	29
34014	37
34021	6
34028	87
34035	48
34042	14
34049	1798
34056	109
34063	1795
3407	1039
34070	274
34077	183
34084	7
34091	209
34098	11
34105	155
34112	381
34119	9
34126	60621
34133	14
3414	5
34140	95
34154	266
34161	261
34168	33
34175	457
34182	273
34189	21
34196	44
34203	800
3421	10
34210	131
34217	8391
34224	1373
34231	8
34238	35
34245	8
34252	19
34259	324
34266	10
34273	6
3428	8
34280	49
34287	2559
34294	13
34301	13
34308	724
34315	41
34322	8
34329	1471
34336	61
34343	894
3435	12
34350	902
34357	29
34364	43
34371	158
34378	28
34385	117
34392	21
34399	9
34406	7
34413	16
3442	637
34420	4
34427	534
34434	172
34441	15
34448	16850
34455	8
34462	7
34469	199
34476	57
34483	974
3449	27
34490	46
34497	4346
34504	566
34511	153
34518	34
34525	2231
34532	113
34539	54
34546	14
34553	12
3456	70
34560	103
34567	29
34574	1220
34581	71
34588	59
34595	81
34602	105
34609	10
34616	7
34623	4
3463	50
34630	73
34637	142
34644	9
34651	16
34658	3708
34665	7
34672	10
34679	14
34686	36
34693	20
347	747
3470	63
34700	26
34707	38
34714	142
34721	4
34728	5
34735	498
34742	59
34749	177
34756	287
34763	409
3477	13
34770	9
34784	23
34791	89
34798	9
34805	10
34812	52
34819	219
34826	13
34833	8
3484	56
34840	7
34847	28
34854	1193
34861	1277
34868	31
34875	17
34882	11
34889	39
34896	30
34903	38
3491	301
34910	15
34917	6
34924	30
34931	595
34938	11
34945	122
34952	38
34959	14
34966	410
34973	45
3498	9
34980	18
34987	117
34994	7
35001	50
35008	31
35015	112
35022	95
35029	23
35036	98
35043	40
3505	34
35050	1965
35057	30
35064	13
35071	4
35078	2452
35085	322
35092	59
35099	43
35106	256
35113	301
3512	2103
35120	47
35127	314
35134	314
35141	7
35148	95
35155	239
35162	71
35169	226
35176	3533
35183	346
3519	357
35190	18
35197	7
35204	9
35211	113
35218	109
35225	165
35232	72
35239	12
35246	304
35253	7
3526	805
35260	7
35267	1251
35274	50
35281	10
35288	6
35295	12
35302	213
35309	23
35316	8
35323	39
3533	25
35330	10
35337	43
35344	17
35351	9
35365	584
35372	398
35379	18
35386	29
35393	15
354	335
3540	38
35400	731
35407	9
35414	16
35421	35
35428	4
35435	10
35449	53
35456	137
35463	7
3547	4
35470	2244
35477	58
35484	14
35491	12
35498	36
35505	421
35512	1402
35519	38
35526	7
35533	10
3554	17
35540	53
35547	18358
35554	194
35561	13776
35568	723
35575	20
35582	60
35589	9
35596	74
35603	20
3561	946
35610	198
35617	147
35624	10
35631	30
35638	5
35645	8
35652	4266
35659	13
35666	15
35673	114
3568	40
35680	89
35687	499
35694	37
35701	39
35708	2190
35715	2252
35722	115
35729	187
35736	141
35743	381
3575	57
35750	4645
35764	25
35771	32
35778	82
35792	187
35799	10
35806	176
35813	98
3582	223
35820	9
35827	15
35834	12
35841	57
35848	20
35855	5177
35862	17
35869	10
35876	6
35883	1377
3589	16
35897	9
35904	19
35911	422
35918	280
35925	16
35932	25
35939	20262
35946	2908
35953	14
3596	124
35960	109
35967	35
35974	24
35981	22
35988	506
35995	23
36002	375
36009	162
36016	68
36023	363
3603	275
36030	15
36037	8
36044	38
36051	1755
36058	1010
36065	112
36072	6
36086	7167
36093	52
361	34
3610	28
36100	10
36107	4883
36114	269
36121	32
36128	42
36135	740
36142	311
36149	2171
36156	5
36163	8
3617	170
36170	1511
36177	188
36184	21
36191	6
36198	298
36205	2375
36212	130
36219	46
36226	41
3624	29
36240	13
36247	191
36254	92
36261	12
36268	359
36275	158
36282	30
36289	88
36296	7
36303	10
3631	3896
36310	601
36317	91
36324	86
36331	22
36338	80
36345	409
36352	40
36359	142
36366	55
36373	8
3638	372
36380	4
36387	5
36394	35
36401	23
36408	5
36415	7
36422	343
36429	31
36436	635
36443	1300
3645	288
36450	17
36457	42
36464	41
36471	135
36478	10
36485	1322
36492	4
36499	22
36506	553
36513	11
3652	108
36520	9
36527	163
36534	1791
36541	69
36548	27
36555	173
36562	23
36569	33
36576	12
36583	189
36590	11
36604	23
36611	15
36618	1803
36625	58
36632	20
36639	552
36646	1538
36653	12
3666	31
36660	21
36667	6
36674	64
36681	333
36688	4
36695	23892
36702	344
36709	454
36716	67
36723	14
3673	26
36730	59
36737	776
36744	11
36751	6
36758	1565
36765	294
36772	8103
36779	76
36786	12
36793	504
368	56
3680	19
36800	49
36807	60
36814	29
36821	86
36828	6
36835	558
36842	18
36849	1685
36856	920
36863	8
3687	33
36870	83
36877	4
36884	504
36891	5
36898	31
36905	141
36912	110
36919	55
36926	776
36933	128
3694	321
36940	631
36947	9
36954	221
36961	1365
36968	1248
36975	178
36982	42
36989	4
36996	63
37003	2568
3701	31
37010	6
37017	229
37024	9
37031	15
37038	30
37045	28
37052	602
37059	562
37066	1964
37073	8
3708	52
37080	477
37087	7
37094	418
37101	9
37108	85
37115	458
37122	4
37129	5
37136	12
37143	25
3715	38
37150	5
37157	15
37164	331
37171	10
37178	148
37185	110
37192	906
37199	145
37206	48
37213	1441
3722	58
37220	11238
37227	86
37234	275
37241	409
37248	24
37255	204
37262	990
37269	10
37276	4851
37283	231
3729	46
37290	18
37297	110
37304	10
37311	500
37318	185
37325	16
37332	481
37339	10
37346	6
37353	79
3736	8
37360	5
37367	38
37374	1614
37381	12
37388	1676
37395	15
37402	256
37409	161
37416	102
37423	33
3743	33
37430	13
37437	25
37444	18
37451	12
37458	1014
37465	353
37472	32
37479	35
37486	428
37493	72
375	101
3750	22
37500	92
37507	196
37514	136
37521	121
37528	505
37535	9
37542	201
37549	119
37556	53
37563	144
3757	8
37570	912
37577	39
37584	18
37591	79
37598	28
37605	74
37612	22
37619	251
37626	278
37633	8
3764	13
37640	51
37647	259
37654	2213
37661	28
37668	161
37675	386
37682	57
37689	42
37696	156
3771	58
37710	12068
37717	86
37724	666
37731	715
37738	69
37745	146
37752	806
37759	7
37766	15740
37773	253
3778	28
37780	40
37787	109
37794	36
37801	6
37808	6
37815	5
37822	18
37829	6
37836	852
37843	11
3785	31
37850	38
37857	77
37864	4
37871	4
37878	36
37885	102
37892	2306
37899	17
37906	14
37913	5
3792	102
37920	47
37927	358
37934	24
37941	19
37948	197
37955	35
37962	5
37969	5
37976	5
37983	72
3799	23
37990	151
37997	340
38004	129
38011	18
38018	38
38025	50
38032	30
38039	549
38046	42
38053	18
3806	273
38060	560
38067	3468
38074	298
38081	15
38088	110
38095	23
38102	315
38109	9
38116	58
3813	7
38130	7
38137	20
38144	34
38151	102
38158	104
38165	15
38172	168
38179	142
38186	107
38193	204
382	63
3820	254
38200	8121
38207	386
38214	47
38221	12
38228	773
38235	66
38242	120
38249	1218
38256	1852
38263	10
3827	223
38270	5
38277	1803
38284	58
38291	1803
38298	251
38305	10
38312	5719
38319	22
38326	22
38333	6
3834	20
38340	928
38347	183
38354	23
38361	10
38368	233
38375	6
38382	185
38389	92
38396	19
38403	9
3841	9
38410	13
38417	13
38424	54
38431	13
38438	27
38445	55
38452	1391
38459	224
38466	17
38473	1156
3848	53
38480	1564
38487	8
38494	205
38501	6
38508	2479
38515	211
38522	5
38529	41
38536	57
38543	46
3855	1277
38550	18
38557	4932
38564	15
38571	62
38578	76
38585	119
38592	6
38606	32
38613	171
3862	60
38620	586
38627	6
38634	96
38641	286
38648	19
38655	297
38662	3976
38669	115
38676	21
38683	994
3869	2145
38690	101
38697	249
38704	447
38711	5
38718	4
38725	18
38732	54
38739	17565
38746	8
38753	57
3876	131
38760	273
38767	23
38774	160
38781	4
38788	11
38795	46
38802	690
38809	1026
38823	15
3883	96
38830	39
38837	1898
38844	1915
38851	4
38858	40
38865	37
38872	32
38879	35
38886	534
38893	97
389	1687
3890	152
38900	12
38907	7
38914	12
38921	147
38928	13238
38935	194
38942	13
38949	1216
38956	12
38963	234
3897	43
38970	851
38984	3423
38991	898
38998	25
39005	787
39012	21
39019	117
39026	18
39033	20
3904	6
39040	7812
39054	2422
39061	178
39068	28
39075	168
39082	14
39089	4
39096	40
39103	8
3911	8
39110	98
39117	200
39124	118
39131	11
39138	84
39145	8
39152	93
39159	15
39166	411
39173	6
3918	281
39180	14869
39187	15
39194	1231
39201	687
39208	11
39215	361
39229	75
39236	730
39243	61
3925	20
39250	714
39257	10
39264	22
39271	5
39278	126
39285	399
39292	4
39299	1168
39306	4
39313	5
3932	70
39320	8
39327	613
39334	15
39341	25
39348	230
39355	14
39362	4
39369	269
39383	60
3939	32
39390	72
39397	568
39404	342
39411	4638
39418	20
39425	578
39432	316
39439	6
39446	19
39453	21
3946	44
39467	39
39474	10
39481	364
39488	45
39495	1279
39502	93
39509	910
39516	24
39523	6
3953	495
39530	10
39537	63
39544	247
39551	56
39558	8677
39565	5
39572	6
39579	21
39586	19
39593	15
396	34
3960	71
39600	330
39607	27
39614	447
39621	1358
39628	767
39635	135
39642	111
39649	1576
39656	117
39663	292
3967	493
39670	134
39677	29
39684	114
39691	8
39698	514
39705	134
39712	49
39719	2931
39726	417
39733	4
3974	10
39740	33
39747	916
39754	33
39761	56
39768	25
39775	7
39782	420
39789	38
39796	497
39803	384
3981	94
39810	6
39817	8
39824	25
39831	178
39838	62
39845	120
39852	32
39859	350
39866	6
39873	15
3988	3492
39880	4
39887	51
39894	6
39901	26
39908	52
39915	58
39922	7393
39929	443
39936	281
39943	12
3995	34
39950	621
39957	27
39964	1121
39971	484
39978	33
39985	50
39992	22
39999	5
40006	6
40013	247
4002	39
40020	73
40027	205
40034	264
40041	37
40048	35
40055	1906
40062	150
40069	39
40076	230
40083	12
4009	49
40090	9
40097	21
40104	149
40118	157
40125	14
40132	62
40139	89
40146	2806
40153	131
4016	19
40160	12
40167	14
40174	16356
40181	84
40188	97
40195	7
40202	67
40209	32
40216	987
40223	146
4023	41
40230	5
40237	16
40244	80
40251	561
40258	8
40265	8
40272	24
40279	1193
40286	23
40293	7
403	404
4030	429
40300	120
40307	108
40314	33
40321	8
40328	4
40335	87
40342	1837
40349	22
40356	262
40363	958
4037	1609
40370	6
40377	9490
40384	23
40391	93
40398	73
40405	126
40412	53
40419	10
40426	451
40433	11
4044	419
40440	13
40447	4
40454	1073
40461	5
40468	4
40475	60
40482	7
40489	40
40496	11
40503	10
4051	42
40510	16
40517	8
40524	196
40531	675
40538	327
40545	14227
40552	10
40559	292
40566	13
4058	619
40580	58
40587	1717
40594	5
40601	142
40615	88
40622	24
40629	50
40636	27
4065	180
40650	22
40657	85
40664	187
40671	261
40678	522
40685	90
40692	49
40699	116
40706	84255
40713	4
4072	5
40720	64
40727	149
40734	318
40741	144
40748	76
40755	30
40762	38
40776	28
40783	69
4079	51
40790	141
40797	16
40804	238
40811	33
40818	42
40825	936
40832	76
40839	16
40846	190
40853	47
4086	10347
40860	29
40867	133
40874	53
40881	35
40888	32
40895	48
40902	161
40909	10
40916	10
40923	21
4093	24
40930	14
40937	22
40944	33
40951	14
40958	11
40965	25
40972	15
40979	74
40986	969
40993	66
41	49
410	11
4100	419
41000	6
41007	3068
41014	4
41021	56
41028	18
41035	315
41042	23
41049	5
41056	216
41063	504
4107	21
41070	7
41077	236
41084	83
41091	67
41098	250
41105	11
41112	29
41119	148
41126	18
41133	173
4114	149
41140	432
41147	12
41154	8
41161	45
41168	342
41175	6
41182	26
41189	49
41196	241
41203	127
4121	56
41210	43
41217	126
41231	15
41238	3677
41245	183
41252	8
41259	6518
41266	8
41273	5778
4128	4
41280	9
41287	24
41294	207
41301	667
41308	19
41315	572
41322	47
41329	3462
41336	40
41343	7
4135	38
41350	13
41357	98
41364	438
41371	521
41378	43
41385	1681
41392	582
41399	14
41406	1939
41413	31
4142	1874
41420	118
41427	625
41434	435
41441	38
41448	80
41455	356
41462	10
41469	37
41476	38
41483	897
4149	6423
41490	40
41497	19
41504	7
41511	4
41518	19
41525	62
41532	22
41539	1014
41546	8
41553	254
4156	28
41560	4
41567	69
41574	19
41581	251
41588	10652
41595	13
41602	1814
41609	131
41616	65
41623	399
4163	4499
41630	14
41637	1176
41644	80
41651	950
41658	10379
41665	18367
41672	6
41679	329
41686	161
417	4
41700	134
41707	6
41714	1199
41721	12
41728	10
41735	25
41742	21
41749	44
41756	13
41763	256
4177	10
41770	232
41777	833
41784	27
41791	30
41798	11
41805	1348
41812	56
41819	123
41826	47
41833	35
4184	8
41840	494
41847	113
41854	52
41861	162
41868	80
41875	9
41882	58
41889	333
41896	305
41903	33
4191	38
41910	88
41917	225
41924	168
41931	7
41938	98
41945	16
41952	12
41959	396
41966	1210
41973	1012
4198	170
41980	44
41987	32
41994	173
42001	456
42008	20
42015	129
42022	6
42029	246
42036	6
42043	49
4205	95
42050	11
42057	46
42064	16
42071	88
42078	905
42085	766
42092	39
42099	7
42106	495
42113	7
4212	37
42120	12
42127	278
42134	764
42141	12
42148	59
42155	14
42162	277
42169	392
42176	231
42183	2107
4219	52
42190	39
42197	222
42204	62
42211	54
42225	13
42232	20
42239	524
42246	5
42253	27
4226	24
42260	47
42267	9
42274	72
42281	16
42288	10
42295	219
42302	62
42309	595
42316	91
42323	237
4233	84
42330	4
42337	8
42344	262
42351	21
42358	40
42365	12
42372	3336
42379	88
42386	34
42393	18
424	2748
4240	15
42400	71
42407	33
42414	53
42421	1055
42428	52
42435	9
42442	1393
42449	149
42456	73
42463	12
4247	56
42470	34
42477	237
42484	14
42491	242
42498	12
42505	68
42512	83
42519	7
42526	885
42533	1443
4254	48
42540	85
42547	96
42554	6
42561	138
42568	90
42575	40
42582	165
42589	34
42596	7
42603	216
4261	863
42610	18
42617	3527
42624	28
42631	16
42638	79
42645	6
42652	39
42659	1399
42666	36
42673	6
4268	288
42680	1522
42687	8
42694	75
42701	26691
42708	14
42715	15
42722	54
42729	30
42736	35667
42743	866
4275	13
42750	27
42757	140
42764	117
42771	74
42778	36
42785	96
42792	13
42799	9
42806	426
42813	385
4282	27
42820	134
42827	297
42834	1800
42841	30
42848	54
42855	25
42862	21
42869	17
42876	75
42883	46
4289	1782
42890	198
42897	196
42904	207
42918	107
42925	6
42932	12
42939	13
42946	8
42953	73
4296	56
42960	23
42967	5
42974	259
42981	51
42988	70
42995	64
43002	20
43009	249
43016	139
43023	5
4303	7
43030	9
43037	477
43044	263
43051	6
43058	60
43065	331
43072	36
43079	17
43086	15298
43093	214
431	14
4310	28
43100	1196
43107	10
43114	7
43121	79
43135	145
43142	97
43149	7
43156	9
43163	80
4317	3152
43170	21
43177	73
43184	239
43191	35
43198	7
43205	2263
43212	202
43219	57
43226	45
43233	9
4324	18
43247	10
43254	18
43261	30
43268	44
43275	28
43282	36
43289	150
43296	6
43303	10
4331	14
43310	1085
43317	5
43324	560
43331	257
43338	1452
43345	182
43352	57640
43359	17
43366	54
43373	122
4338	133
43380	58
43387	21
43394	8477
43401	5
43408	25
43415	392
43422	238
43429	21
43436	99
43443	33
4345	14
43450	170
43457	56
43464	565
43471	132
43478	9
43485	16
43499	35
43506	132
43513	342
4352	79
43520	7
43527	20
43534	470
43541	19
43548	4
43555	112
43562	8
43569	513
43576	34
43583	151
4359	5
43590	31
43597	150
43604	8
43611	285
43618	44
43625	4
43632	1359
43639	9
43646	6
43653	42
4366	1592
43660	5
43667	4
43674	62
43681	64
43688	34
43695	52
43702	7
43709	5
43716	9
43723	90
4373	125
43730	5
43737	16
43744	1985
43751	7
43758	923
43765	836
43772	21552
43779	7
43786	40
43793	23
438	10
4380	45
43800	8
43807	36
43814	1028
43821	1517
43828	4
43835	4
43842	26
43849	95
43856	59
43863	65
4387	51
43870	48
43877	61
43884	52
43891	1338
43898	7
43905	229
43912	13
43919	19
43926	8
43933	2620
4394	63
43940	14
43947	7
43954	613
43961	55371
43968	625
43975	220
43982	53
43989	126
43996	5
44003	28
4401	120
44010	251
44017	56
44024	48
44031	418
44038	140
44045	12
44052	7
44059	125
44066	46
44073	18
4408	68
44080	155
44087	28
44094	9
44101	26
44108	4
44115	67
44122	157
44129	707
44136	165
44143	14
44150	89
44157	146
44164	27
44171	10
44178	88
44185	37
44199	429
44206	5
44213	375
4422	451
44220	28
44227	293
44234	7988
44241	27
44248	9
44255	31
44262	832
44269	175
44276	55
44283	229
4429	1585
44290	1404
44297	145
44304	29
44311	17
44318	85
44325	3485
44332	43
44339	52
44346	45
44353	206
4436	37
44360	37
44367	304
44374	29
44381	66
44388	179
44395	291
44402	230
44409	12
44416	12
44423	86
4443	358
44430	87
44437	64
44444	23
44451	61
44458	16
44465	12
44472	51
44479	7924
44486	774
44493	99
445	427
4450	110
44500	641
44507	18
44514	6481
44521	36
44528	45
44535	5
44542	65
44549	22
44556	5
44563	27
4457	20
44570	12141
44577	9
44584	197
44591	15
44605	22
44612	151
44619	17
44626	605
44633	7
4464	186
44640	373
44647	4
44654	71
44661	9399
44668	124
44675	6
44682	54
44689	130
44696	33
44703	584
4471	368
44710	328
44717	1053
44724	60
44731	497
44745	58
44752	303
44759	55
44766	408
44773	86
4478	631
44780	357
44787	2807
44794	6
44801	465
44808	239
44815	1554
44822	5
44829	23
44836	14
44843	3019
4485	426
44850	79
44857	72
44864	186
44871	53
44878	84
44885	35
44892	16
44899	12
44906	114
44913	9
4492	20
44920	161
44927	12
44934	34
44941	44
44948	2676
44955	280
44962	8
44969	426
44976	6
44983	14
4499	32
44990	139
44997	95
45004	1531
45011	12
45018	105
45025	83
45032	114
45039	16
45046	42
45053	266
4506	158
45060	7
45067	15
45074	33
45081	1240
45088	12
45095	15
45102	8
45109	21
45116	1678
45123	11736
4513	95
45130	128
45137	33
45144	97
45151	27
45158	977
45165	93
45172	12
45179	218
45186	573
45193	217
452	11
4520	30
45200	12492
45207	30
45214	6
45221	1389
45228	63
45235	89
45242	11
45249	2284
45256	34
45263	13
4527	43
45270	46
45277	56
45284	25
45291	4
45298	25
45305	39
45312	31
45319	6
45326	39
45333	152
4534	536
45340	9
45347	64
45354	9
45361	67
45368	3016
45375	369
45382	79
45389	108
45396	42
45403	26
4541	2938
45410	30
45417	13
45424	61
45431	30
45438	102
45445	4618
45452	63
45459	47
45466	14
45473	16
4548	54
45480	75
45487	52
45494	81
45501	5
45508	63
45515	40
45522	96
45529	168
45536	18
45543	516
4555	12
45550	20
45557	5
45564	23
45571	266
45578	3738
45585	27
45592	98
45599	1181
45606	87
45613	5321
4562	13034
45620	323
45627	7
45634	50
45641	12
45648	32
45655	26
45662	406
45669	183
45676	43
45683	1002
4569	48
45690	17
45704	32
45711	53
45718	16
45725	33
45732	7
45739	743
45746	5
45753	325
4576	2005
45760	21
45767	2883
45774	1567
45781	39
45788	3791
45795	511
45802	16
45809	5
45816	25
45823	43
4583	16
45830	91
45837	87
45844	18
45851	13
45858	7
45865	457
45879	69
45886	353
459	2765
4590	109
45900	65
45907	11
45914	15
45921	7
45928	49
45935	6
45942	4
45949	5
45956	4
4597	575
45970	896
45977	824
45984	70
45991	36
45998	211
46005	77
46012	32
46019	6
46026	412
46033	28
4604	7
46040	5
46047	2795
46054	29
46061	6829
46068	8
46075	1155
46082	902
46089	147
46096	158
46103	80
4611	6
46117	115
46124	16
46131	745
46138	1474
46145	700
46152	24
46159	54
46166	430
46173	69
4618	257
46180	30
46187	74
46194	1819
46201	25
46208	85
46215	17
46222	1236
46229	1570
46236	52
46243	43
4625	21
46250	103
46257	941
46264	5
46271	508
46285	75
46292	10
46299	16
46306	1094
46313	2784
4632	22
46320	15
46327	253
46334	51
46341	1153
46348	26
46355	472
46362	87
46369	174
46376	10
46383	438
4639	608
46390	26
46397	140
46411	84
46418	11
46425	168
46432	145
46439	549
46446	26
46453	480
4646	119
46460	4
46467	14
46474	190
46481	20
46488	20
46495	8
46502	5
46509	34
46516	2987
46523	7
4653	20
46530	40
46537	140
46544	5
46551	144
46558	1048
46565	342
46572	4779
46579	68
46586	746
46593	654
466	101
4660	344
46607	119
46614	26
46621	186
46628	16
46635	138
46642	892
46649	28
46656	1160
46663	124
4667	67
46670	271
46677	826
46684	225
46691	161
46698	80
46705	8
46712	60
46719	252
46726	5
46733	74
4674	589
46740	184
46747	548
46754	35
46761	7
46768	60
46775	25
46782	1108
46789	73
46796	16
46803	180
4681	320
46810	16
46817	4663
46824	32
46831	163
46838	213
46845	449
46852	28
46859	27
46866	13
46873	61
4688	180
46880	160
46887	63
46894	92
46901	423
46908	378
46915	58
46922	11
46929	64
46936	4
46943	7
4695	24
46950	11
46957	40
46964	15
46971	548
46978	19
46985	5
46992	1690
46999	54
47006	711
47013	22
4702	8
47020	123
47027	11
47034	1354
47041	35
47048	54
47055	94
47062	14
47069	11
47076	47
47083	273
4709	6
47090	55
47097	628
47104	100
47111	566
47118	19
47125	33
47132	17
47139	121
47146	5
47153	28
4716	55
47160	6
47167	2452
47174	193
47181	7
47188	4
47195	32
47202	153
47209	213584
47216	479
47223	1694
4723	31
47230	20
47237	18
47244	22
47251	19
47258	1373
47265	219
47272	644
47279	37
47286	14
47293	115
4730	36
47300	56
47307	236
47314	37
47321	43
47328	14
47335	44
47342	27
47349	6
47356	26
47363	52
47370	465
47377	12
47384	19
47391	74
47398	40
47405	169
47412	309
47419	10
47426	10
47433	81
4744	5
47447	46
47454	36
47461	11
47468	47
47475	288
47482	277
47489	172
47496	127
47503	387
4751	162
47510	13
47517	7
47524	26
47531	519
47538	84
47545	9
47552	233
47559	340
47566	109
47573	775
4758	74
47580	68
47587	19
47594	5
47601	6890
47608	12
47615	15
47622	68
47629	1318
47636	14
47643	292
4765	11
47650	29
47657	178
47664	90
47671	10
47678	5
47685	111
47692	178
47699	58
47706	18
47713	51
4772	11
47720	146
47727	36
47734	21352
47741	21
47748	13
47755	708
47762	11
47769	73
47776	28
47783	1525
4779	597
47790	547
47797	43
47804	955
47811	13
47818	188
47825	25
47832	12
47839	32
47846	26
47853	30
4786	43
47860	12
47867	813
47874	16
47881	43
47888	4118
47895	65
47902	25
47909	20
47916	340
47923	31
4793	8043
47930	28
47937	524
47944	286
47951	101
47958	41
47965	2602
47972	46
47979	107
47986	519
47993	4283
48	10
480	837
4800	81
48000	129
48007	1504
48014	22
48021	23
48028	214
48035	62
48042	4
48049	158
48056	145
4807	253
48070	522
48077	5
48084	24
48091	86
48098	88
48105	71
48112	1122
48119	266
48126	28
48133	34
4814	215
48140	988
48147	8
48154	512
48161	54
48168	183
48175	550
48182	775
48189	90
48196	587
48203	279
4821	331
48210	2324
48217	118
48224	19
48231	23
48238	270
48245	159
48252	6
48259	250
48266	28
48273	48
4828	216
48280	129
48287	5225
48294	8
48301	955
48308	16
48315	15
48322	15
48329	27
48336	36
4835	174
48350	23
48357	1439
48364	19501
48371	28
48378	5
48385	1168
48392	4
48399	156
48406	53
48413	12
4842	97
48427	47
48434	35
48441	25
48448	189
48455	540
48462	114
48469	68
48476	1467
48483	52
4849	9
48490	30
48497	11
48504	40
48511	124
48518	16
48525	22
48532	1987
48539	66
48546	15
48553	159
4856	18
48560	29
48574	95
48581	17
48588	579
48595	6814
48602	114
48609	31
48616	107
48623	108
4863	6
48630	13
48637	1580
48644	13
48651	11
48658	28
48665	443
48672	497
48679	51939
48686	89
48693	17
487	13
4870	423
48700	37
48707	923
48714	42
48721	182
48728	27
48735	26
48742	1723
48749	226
48756	23
48763	87
4877	56
48770	8
48777	124
48784	1368
48791	75
48798	31
48805	695
48812	3847
48819	219
48826	67
48833	97
4884	15
48840	37
48847	63
48854	24
48861	40
48868	282
48875	393
48882	31
48889	26
48896	42
48903	579
4891	103
48910	56
48917	68
48931	300
48938	198
48945	94
48952	37
48959	51
48966	45
48973	26
4898	108
48980	6
48987	11
48994	13
49001	45
49008	18
49015	6
49022	16
49029	24
49036	60
4905	40
49050	33
49057	21
49064	46
49071	278
49078	64
49085	10
49092	16
49099	289
49106	55
49113	4481
4912	13
49120	295
49127	6
49134	117
49141	2178
49148	10
49155	8
49162	4
49169	353
49176	1898
49183	16
4919	75
49190	102
49197	4
49204	13
49211	42
49218	8
49225	35
49232	544
49239	340
49246	7
49253	25
4926	46
49260	1182
49267	2046
49274	4
49281	1037
49288	15
49295	7
49302	163
49309	14
49316	32
49323	640
4933	611
49330	119
49337	70
49344	19
49351	499
49358	66
49372	55
49379	31
49386	99
49393	17
4940	485
49400	8
49407	5
49414	501
49428	88
49435	146
49442	18
49449	7
49456	66
49463	394
4947	1863
49470	55
49477	54
49484	141
49491	525
49498	6
49505	719
49512	7
49519	2029
49526	7
49533	8519
4954	16
49547	94
49554	41
49561	29
49568	7
49575	41
49582	4
49589	19
49596	17
49603	16
4961	15
49610	7226
49617	195
49624	8
49638	276
49645	22
49652	620
49659	256
49666	5
49673	26
4968	27
49680	1018
49687	13
4975	437
4982	598
4989	775
4996	27
5003	55
501	40
5010	9
5024	3553
5031	6141
5038	339
5045	245
5052	11
5059	14
5066	19
5073	1127
508	158
5080	73
5087	4
5094	62
5101	780
5108	66
5115	3358
5122	35
5129	100
5136	72
515	147
5150	99
5157	344
5164	369
5171	481
5178	76
5185	96
5192	171
5199	87
5206	2406
5213	6
522	274
5220	5
5227	6
5234	28
5241	279
5248	908
5262	2206
5269	80
5276	21
5283	64
529	28
5290	29
5297	4
5304	17
5311	63
5318	5
5325	13
5332	45
5339	49
5346	162
5353	1363
536	334
5360	755
5367	73
5374	339
5381	25
5388	838
5402	40
5409	9
5416	51
5423	69
543	27
5430	44
5437	29
5444	8
5451	4953
5458	5
5465	14
5472	54
5479	30937
5486	53
5493	471
55	40
550	39
5500	6
5507	38
5514	3970
5521	7
5528	191
5535	2470
5542	18
5549	40
5556	10
5563	113
557	324
5570	73
5577	8
5584	109
5591	8
5598	117
5605	1968
5612	9514
5619	118
5626	74
5633	13
564	8
5640	4000
5647	14
5654	4
5661	60
5668	33
5675	5
5682	63
5689	13
5696	190
5703	12
571	65
5710	524
5717	142
5724	43
5731	11
5738	21
5745	10
5752	118
5759	16
5766	32
5773	15
578	155
5780	116
5787	125
5794	3772
5801	67
5808	900
5815	7
5822	102
5829	22
5836	13
5843	138
585	9
5850	16
5857	447
5864	22
5871	9
5878	799
5885	12
5892	31
5899	313
5906	12
5913	723
592	49
5920	9
5927	23
5934	44
5941	461
5948	5
5955	442
5962	358
5969	916
5976	1247
5983	233
599	9
5990	6
5997	40
6004	64
6011	23
6018	147
6025	274
6032	9
6039	7
6046	22590
6053	30
606	112
6060	5
6067	30
6074	357
6081	239
6088	56
6095	127
6102	22
6109	180
6116	4
6123	37
613	69
6130	7
6137	1477
6144	103
6151	226
6158	19
6165	7
6172	17
6179	168
6186	18
6193	4819
62	27
620	5
6200	5
6207	7
6214	41
6221	580
6228	260
6235	899
6242	188
6249	44
6256	62
6263	272
627	16
6270	12
6277	144
6284	75
6291	1968
6298	20
6305	51
6312	28
6319	27
6326	197
6333	33
634	109
6340	1858
6347	6486
6361	3721
6368	113
6375	817
6382	6
6389	37
6396	320
6403	154
641	24
6410	412
6417	8
6424	35
6431	86
6438	471
6445	6
6452	570
6459	337
6466	30
6473	3835
648	724
6480	72
6487	7
6494	366
6501	12
6508	2569
6515	359
6522	951
6529	23
6536	43
6543	727
655	31
6550	2101
6557	17
6564	89
6571	197
6578	46
6585	1515
6592	265
6599	40
6606	1005
6613	174
662	25
6620	4
6627	59
6634	26
6641	69
6648	26
6655	951
6669	850
6676	22
669	386
6690	91
6704	208
6711	57
6718	193
6725	104
6732	52
6739	80
6746	19
6753	9
676	27
6760	2763
6767	94
6774	4419
6781	52
6788	93
6795	887
6802	73
6809	577
6823	27
683	181
6830	5
6837	758
6844	393
6851	104
6858	262
6865	65
6872	14
6879	29
6886	27
6893	105
69	19
690	27
6900	7
6907	119
6914	6
6921	8
6928	222
6935	225
6942	13
6949	34
6956	135
697	432
6970	305
6977	5
6984	37
6991	1332
6998	283
7005	5
7012	29
7019	27
7026	2099
7033	7
704	10
7040	169
7047	10
7054	5934
7061	12
7068	15
7075	84
7082	18
7089	86
7096	22
7103	387
711	113
7117	32
7124	9
7131	7472
7138	15
7145	20
7159	106
7166	510
7173	615
718	10
7180	33
7187	20
7194	52
7201	6
7215	63
7222	290
7229	181
7236	62
7243	421
725	27
7250	178
7257	37
7264	162
7271	20
7278	9
7285	610
7292	214
7299	950
7306	237
7313	35
732	35
7320	34
7327	89
7334	8
7341	96
7348	17
7355	7
7362	8
7369	166
7376	377
7383	307
739	23
7390	107
7397	28
7404	62
7411	661
7418	6
7425	63
7432	6
7439	6
7446	130
7453	18
746	14
7460	121
7467	13
7474	490
7481	9
7488	5
7495	55
7502	59
7509	634
7516	67
753	61
7530	28
7537	21
7544	111
7551	17
7558	31
7565	75
7572	8
7579	56
7586	10
7593	15
760	679
7600	3571
7607	796
7614	4
7621	17
7628	8579
7635	10
7642	8
7649	4249
7656	141
7663	355
767	20
7670	5
7677	1246
7684	27
7691	9
7698	42
7705	319
7719	11
7733	343
774	27
7740	112
7747	349
7754	73
7761	317
7768	159
7775	135
7782	11
7789	46
7796	67
7803	63
781	8326
7810	68
7817	4
7824	9
7831	54
7838	396
7845	78
7852	7
7859	24
7866	26
7873	6
788	623
7880	7
7887	21
7894	19
7901	2298
7908	373
7915	5
7922	538
7929	74
7936	955
7943	41
795	340
7950	30
7957	51
7964	126
7971	10
7978	829
7985	51
7992	699
7999	644
8006	3939
8013	1995
802	27
8020	40
8027	244
8034	146
8041	278
8048	13355
8055	10
8062	35
8069	524
8076	1623
8083	22
809	621
8097	24
8104	1015
8111	94
8118	214
8125	121
8139	18
8146	100
8153	5376
816	109
8160	8
8167	22
8174	42721
8181	108
8188	23
8195	2684
8202	22
8209	101
8216	375
8223	196
823	314
8230	7264
8237	323
8244	155
8251	1545
8258	67
8265	112
8272	75
8279	65
8286	36
8293	47
83	594
830	9
8300	14
8307	20
8314	144
8321	39
8335	50
8342	89
8349	630
8356	100
8363	16
837	514
8370	107
8377	241
8384	183
8391	14
8398	41
8405	77
8412	3234
8419	16
8426	36
8433	71
844	142
8440	113
8447	15
8454	83
8461	197
8468	23
8475	4178
8482	7
8489	68
8496	196
8503	96
851	7
8510	69
8517	11
8524	109
8531	33
8538	44
8545	6
8552	11
8559	140
8566	140
8573	33
858	15
8580	3353
8587	861
8594	1158
8601	8
8608	44
8615	3534
8622	62
8629	23
8636	5
8643	77
865	75
8650	224
8657	6
8664	419
8671	5171
8678	114
8685	120
8692	13
8699	261
8706	7
8713	74
872	145
8720	20
8727	861
8734	12
8741	56
8748	19
8755	38
8762	286
8769	157
8776	92
8783	42
879	107
8790	26
8797	82
8804	24
8811	220
8818	40
8825	21
8832	659
8839	16
8846	63
8853	23
886	24
8860	58
8867	139
8874	5
8881	44
8888	97
8895	16
8902	40
8909	51
8916	20
8923	439
893	91
8930	111
8937	44
8944	18
8951	105
8958	554
8965	87
8972	9
8979	82
8986	1180
8993	741
9	156
90	47
900	68
9000	2162
9007	2622
9014	11
9021	117
9028	407
9035	7
9042	20
9049	239
9056	165
9063	13
907	2025
9070	169
9077	557
9084	229
9091	38
9098	614
9105	62
9112	74
9119	213
9126	9
9133	831
914	35
9140	122
9147	14
9154	1371
9161	10
9168	14
9175	2824
9182	344
9189	358
9196	242
9203	2453
921	159
9210	3773
9217	336
9224	1808
9231	76
9238	377
9245	354
9252	460
9259	35
9266	488
9273	109
928	737
9280	41
9287	48
9294	179
9301	4
9308	124
9315	52
9322	420
9329	59
9336	107
9343	15
935	287
9350	14
9357	87
9364	956
9371	287
9378	8
9385	948
9392	32
9399	119
9406	32
9413	22
9420	387
9427	75
9434	2678
9441	8
9448	27
9455	15
9462	294
9469	6
9476	42
9483	121
949	38
9490	19
9497	516
9504	16
9511	6
9518	56
9525	124
9532	612
9539	25
9546	14
9553	12
956	15
9560	27
9567	17
9574	303
9581	11
9588	4
9595	5361
9602	4
9609	50
9616	22
9623	5709
963	28
9630	16
9637	1265
9644	711
9651	160
9658	20
9665	7
9672	16
9679	11
9686	49
9693	18
97	168
970	152
9700	30
9714	241
9721	47
9728	5
9735	7
9742	20
9749	139
9756	125
9763	121
977	141
9770	10
9777	91
9784	210
9791	10
9798	8
9805	250
9812	60
9819	79
9826	49
9833	33
984	40
9840	306
9847	17
9854	11
9861	12
9868	20
9875	198
9882	67
9896	1137
9903	9
991	23
9910	105
9917	8
9924	70
9931	8
9938	24
9945	154
9952	271
9959	4
9966	77
9973	233
998	11
9980	54
9987	52
