10000	11
10007	9
10014	10
10021	9
10028	14
10035	25
10042	8
10049	1377
10056	7
10063	67
10070	12121
10077	269
10084	648
1009	12
10091	108
10098	24
10105	38
10112	1503
10119	5
10126	615
10133	317
10140	115
10147	27
10154	10
1016	46
10161	20
10168	69
10175	23
10182	201
10189	618
10196	7
10203	5
10210	592
10217	7
10224	130
1023	25
10231	50
10238	52
10245	33
10252	280
10259	29
10266	199
10273	296
10280	150
10287	6
10294	22
1030	5
10301	671
10308	93
10315	1367
10322	120
10329	91
10336	62
10343	2696
10350	442
10357	15
10364	70
1037	172
10371	624
10378	17
10385	8158
10392	4
10399	30
10406	22
10413	8
10420	256
10427	15
10434	5
1044	10
10441	2909
10448	521
10455	361
10462	13
10469	741
10476	631
10483	19
10490	847
10497	221
105	18
10504	7673
1051	11
10511	39
10518	2153
10525	88
10532	4
10539	67
10546	37
10553	11
10560	177
10567	116
10574	432
1058	42
10581	251
10588	13
10595	18
10602	1158
10609	11
10616	596
10623	208
10630	59
10637	468
10644	12318
1065	274
10651	16
10658	107
10665	33
10679	58
10686	6
10693	18
10700	78
10707	17
10714	196
1072	7
10721	43
10728	9
10735	65
10742	11
10749	57485
10756	20
10763	473
10770	15
10777	13
10784	19
1079	79
10791	39
10798	3537
10805	24
10812	21
10819	1375
10826	827
10833	129
10840	2337
10847	18
10854	105
1086	881
10861	26
10868	115
10875	66
10882	8
10889	252
10896	195
10903	4
10910	6
10917	35
10924	37
1093	33
10931	50
10938	27
10945	93
10952	73
10966	35
10973	66
10980	51
10987	10
10994	33
1100	239
11001	51
11008	325
11015	42
11022	171
11029	259
11036	63
11043	31
11050	59
11057	43
11064	10
1107	11
11071	252
11078	3070
11085	8
11092	55
11106	16
11113	64
11120	40
11127	4
11134	25
1114	22
11141	8
11148	50
11155	141
11162	243
11169	440
11176	32
11183	15
11190	640
11197	229
112	63
11204	11
1121	297
11211	71
11218	110
11225	59
11232	19
11239	20
11246	6
11253	181
11260	75
11267	15
11274	27
1128	37
11281	3313
11288	127
11295	47
11302	47
11309	224
11316	11
11323	735
11330	44
11344	559
1135	15
11351	77
11358	125
11365	4337
11372	30
11379	407
11386	117
11393	6
11400	7
11407	13
11414	91
1142	540
11421	2147
11428	28
11435	22
11442	13
11449	168
11456	638
11463	1504
11470	87
11477	767
11484	243
1149	20
11491	8
11498	62
11505	84
11512	9427
11519	389
11526	2430
11533	33
11540	258
11547	31
11554	39
1156	153
11561	248
11568	477
11575	14
11582	14
11589	20
11596	20
11603	9
11610	1097
11617	120
11624	9
1163	6
11631	371
11638	65
11645	285
11652	22
11659	40
11666	14
11673	230
11680	138
11687	229
11694	11
1170	13
11701	141
11708	126
11715	18
11722	22
11729	122
11736	80
11743	15
11750	377
11757	184
11764	152
1177	137
11771	6
11778	50
11785	39
11792	16
11799	48
11806	6
11813	139
11820	7
11827	3420
11834	72
1184	23
11841	6
11848	33
11855	47
11862	9
11869	2029
11876	20
11883	24
11890	6
11897	97
119	30
11904	11
1191	54
11911	9
11918	22
11925	2711
11932	8
11939	20
11946	63
11953	29
11960	14
11974	1224
1198	99
11981	8
11988	509
11995	34
12002	26
12009	96
12016	2182
12023	3488
12030	160
12037	4
12044	714
1205	61
12058	249
12065	52
12072	217
12079	29
12086	818
12093	13
12100	288
12107	1554
12114	33
1212	96
12121	902
12128	258
12135	127
12142	7
12149	1141
12156	82
12163	675
12170	134
12177	7
12184	45
1219	374
12191	482
12198	5
12205	34
12212	2937
12219	22
12226	9
12233	50
12240	549
12247	34
12254	5629
1226	58
12261	71
12268	26
12275	24
12282	8
12289	215
12296	186
12303	11
12310	17
12317	12
12324	2559
1233	410
12331	323
12338	135
12345	16
12352	26
12359	8
12366	140
12373	9
12380	344
12387	60
12394	42
1240	2681
12401	36
12408	29
12415	27
12422	30
12429	72
12436	5
12443	22
12450	230
12457	47
12464	1469
1247	238
12471	812
12478	38
12485	30
12492	1321
12499	699
12506	38
12513	881
12520	18
12534	19
1254	16
12541	514
12548	236
12555	114
12562	410
12569	533
12576	9148
12583	859
12590	201
12597	1849
126	223
12604	231
1261	160
12611	9
12618	178
12625	101
12632	13
12639	37
12646	6
12653	4
12660	34
12667	1477
12674	1174
1268	49
12681	124
12688	43
12695	5
12702	452
12709	86
12716	56
12723	13
12730	70
12737	42
12744	31
1275	8
12751	28
12758	135
12765	21
12772	286
12779	3177
12786	19
12793	137
12800	42
12807	1009
12814	116
1282	149
12821	207
12828	25
12835	7
12842	5
12849	11
12856	21
12863	1528
12870	263
12877	20
12884	13
1289	49
12891	688
12898	42
12905	467
12912	25
12919	4114
12926	7
12933	4
12940	19
12947	36
12954	19
1296	6
12961	92
12968	189
12975	1137
12982	39
12989	31
12996	11
13003	23
13010	109
13017	195
13024	14
1303	23
13031	3323
13038	65
13045	1030
13052	254
13059	23
13066	76
13073	10
13080	1237
13087	159
13094	33
1310	110
13101	16
13108	828
13115	91
13122	22
13129	1358
13136	53
13143	776
13150	170
13157	64
13164	26
1317	17
13171	128
13178	48
13185	7
13192	22
13199	51
13206	66
13213	22
13220	13
13227	59
13234	41
1324	43
13241	310
13255	974
13262	5
13269	2857
13276	30
13283	21
13290	17
13297	100
133	17
13304	2660
1331	21
13311	47
13318	167
13325	6
13332	180
13339	92
13346	385
13353	19
13360	94
13367	8
13374	64
1338	197
13381	4
13388	964
13395	50
13402	89
13409	2988
13416	58
13423	1505
13430	236
13437	15
13444	186
1345	16
13451	230
13458	18
13465	13
13472	20
13479	415
13486	124
13493	179
13500	2557
13507	20
13514	649
1352	86
13521	267
13528	30
13535	14678
13542	375
13549	171
13556	25
13563	1295
13570	27
13577	52
13584	45
1359	2839
13591	173
13598	1005
13605	2203
13612	7
13619	228
13626	238
13633	115
13640	2238
13647	10
13654	1013
1366	385
13661	511
13668	281
13675	353
13682	67
13689	9
13696	18
13703	61
13710	30
13717	173
13724	54
1373	381
13731	29
13738	5
13745	174
13752	6
13759	260
13766	108
13773	13
13780	5136
13787	66
13794	203
1380	25
13801	129
13808	544
13815	279
13822	770
13829	14664
13836	16
13843	127
13850	142
13857	31
13864	18
1387	424
13871	35
13878	115
13885	5517
13892	72
13899	318
13906	21
13913	154
13920	1087
13927	16
13934	109
1394	57
13941	163
13948	972
13955	380
13962	51
13969	16
13976	625
13983	46
13997	1798
140	22
14004	11
1401	12
14011	635
14018	158
14025	116
14032	925
14039	8
14053	9
14060	54
14067	174
14074	1406
1408	7752
14081	35
14088	81
14095	497
14102	115
14109	62
14116	9
14123	10
14130	282
14137	6
14144	423
1415	11
14151	93
14158	48
14165	710
14172	14
14179	16
14186	31
14193	19
14200	16
14207	56
14214	7
1422	204
14221	707
14228	135
14235	267
14242	1129
14249	10
14256	83
14270	74
14277	1050
14284	232
1429	509
14291	11
14298	305
14305	33
14312	565
14319	16
14326	91
14333	1039
14340	34
14347	843
14354	80
1436	56
14361	22
14368	6
14375	31
14382	18
14389	110
14396	59
14403	255
14410	170
14417	29
14424	254
1443	2221
14431	6
14438	7
14445	82
14452	237
14459	103
14466	822
14473	13
14480	28
14487	5
14494	54
1450	482
14501	37
14508	468
14515	24
14522	56
14529	266
14536	4708
14543	18
14550	29
14557	24
14564	451
1457	17
14571	28
14578	880
14585	14
14592	223
14599	4
14606	105
14613	293
14620	286
14627	837
14634	1940
1464	916
14641	30
14648	471
14655	9
14662	16
14669	319
14676	6
14683	60
14690	8
14697	188
147	14
14704	2823
1471	213
14711	1666
14718	4
14725	31
14732	1269
14739	1544
14746	13
14753	133
14760	9
14767	5
14774	26
1478	8
14781	502
14788	2001
14795	122
14802	23
14809	924
14816	16
14823	10
14830	5
14837	22
14844	268
1485	1538
14851	20
14858	5307
14865	31
14872	1758
14886	633
14893	158
14900	14
14907	35
14914	4
1492	255
14921	8
14928	43
14935	16
14942	94
14949	26
14956	5
14963	21
14970	44
14977	11
14984	10
1499	4
14991	10
14998	32
15005	163
15012	218
15019	10
15026	67
15033	14
15040	3577
15047	46
15054	8
1506	40
15061	27
15068	47
15075	277
15082	56
15089	5
15096	88
15103	135
15110	19
15117	15
15124	170
1513	48
15131	286
15138	29
15145	17
15152	12
15159	249
15166	18
15173	53
15180	18
15187	54
15194	54
1520	44
15201	17
15208	124
15215	13
15222	143
15229	84
15236	175
15243	24
15250	23
15257	77
15264	260
1527	13
15271	293
15278	14
15285	899
15292	6
15299	4
15306	4
15313	38
15320	60
15327	293
15334	5
1534	147
15341	573
15348	348
15355	223
15362	45
15369	227
15376	25
15383	328
15390	606
15397	154
154	30
15404	1069
1541	1471
15411	262
15418	168
15425	372
15432	7
15439	48
15446	149
15453	470
15460	297
15467	335
15474	14
1548	46
15481	13
15488	37
15495	72
15502	10
15509	8
15516	321
15523	22
15530	23
15537	75
15544	343
1555	34
15551	303
15558	122
15565	8
15572	726
15579	942
15586	33
15593	5
15600	72
15607	89
15614	10
1562	12
15621	39
15628	5
15635	15
15649	9881
15656	58
15663	156
15670	5
15677	12
15684	71
1569	67
15691	15
15698	320
15705	11
15712	1198
15719	242
15726	17
15733	20
15740	1967
15747	78
15754	64
1576	331
15761	273
15768	51
15775	138
15782	341
15789	12
15796	16
15803	1039
15810	9
15817	7
15824	6
1583	446
15831	226
15838	11
15845	44
15852	48
15859	4
15866	484
15873	73
15880	300
15887	782
15894	5
1590	6
15908	16
15915	88
15922	8
15929	143
15936	34
15943	285
15950	3936
15957	9
15964	141
1597	30
15971	7
15978	210
15985	63
15992	286
15999	683
16	19
16006	14
16013	211
16020	3308
16027	143
16034	33
1604	56
16048	244
16055	19
16062	169
16069	70
16076	12
16083	14255
16097	1173
161	10
16104	15
1611	29
16111	7
16118	34
16125	337
16132	24
16139	746
16146	258
16153	8
16160	6
16167	203
16174	1712
1618	1392
16181	74
16188	172
16202	326
16209	462
16216	38
16223	1109
16230	14
16237	903
16244	18
1625	10
16251	247
16258	13
16265	58
16272	12
16279	18
16286	8
16293	309
16300	144
16307	25
16314	165
1632	17
16321	1054
16328	269
16335	34
16342	10
16349	20217
16356	15
16363	2971
16370	84
16377	24
16384	1717
1639	766
16391	10
16398	3547
16405	69
16412	7
16419	1663
16426	48
16433	61
16440	181
16447	79
16454	469
1646	125
16468	9
16475	21
16482	238
16489	888
16496	16
16503	53
16510	7
16517	12
16524	167
1653	572
16531	12
16538	22
16545	18
16552	171
16559	15
16566	385
16573	9
16580	30
16587	10
16594	238
1660	4
16601	35
16608	129
16615	553
16622	512
16629	23
16636	64
16643	82
16650	688
16657	20
16664	100
1667	18
16671	10
16678	9
16685	103
16692	5
16699	18
16706	48
16713	10
16720	46
16727	158
16734	4
1674	272
16741	116
16748	625
16755	19
16762	7
16769	82
16776	34
16783	13
16797	142951
168	54
16804	33
1681	29
16818	854
16825	1324
16832	39
16839	202
16846	245
16853	127
16860	4
16867	69
16874	2346
1688	1100
16881	38
16888	62
16895	12
16902	423
16909	37
16916	147
16923	7
16930	16
16937	48
16944	4
1695	5930
16951	45
16958	31
16965	13273
16972	17
16986	176
16993	91
17000	17
17007	385
17014	52
1702	848
17021	2346
17028	26
17035	73
17042	12
17049	13
17056	123
17063	21
17070	611
17077	131
17084	100
1709	418
17091	52
17098	10
17105	501
17112	46
17119	810
17126	5
17133	6
17140	804
17154	571
1716	167
17161	9
17168	819
17175	4
17182	58
17189	50
17196	5
17203	132
17210	8
17217	4
17224	7987
1723	403
17231	523
17238	69
17245	162
17252	172
17259	28
17266	27
17273	635
17280	14
17287	89
17294	241
1730	9
17301	76
17308	18
17315	193
17322	463
17329	111
17336	44
17343	45
17350	228
17357	59
17364	136
1737	97
17371	13
17378	5
17385	25
17392	43
17399	122
17406	7
17420	12
17427	373
17434	374
1744	1220
17441	58
17448	19
17455	4
17462	669
17469	467
17476	27
17490	443
17497	9
175	6
17504	102
1751	261
17511	291
17518	1231
17525	115
17532	60
17539	39
17546	58
17553	4321
17560	714
17567	40
17574	128
1758	20
17581	1008
17595	13
17602	24
17609	5
17616	7381
17623	12
17630	6807
17637	165
17644	67
1765	8
17651	9
17658	178
17665	8
17672	508
17679	1243
17686	9
17693	113
17700	71
17707	23
17714	13
1772	31
17721	1232
17728	32
17735	414
17742	444
17749	15
17756	29
17763	108
17770	5
17777	47
17784	105
1779	21
17791	870
17798	141
17805	46
17812	9
17819	1058
17826	36
17833	326
17840	547
17847	1690
17854	113
1786	26
17861	307
17868	37
17875	79
17882	152
17889	180
17896	858
17903	128
17917	15
17924	1889
1793	50
17931	506
17938	215
17952	56
17959	10
17966	242
17973	14
17980	638
17987	271
17994	213
1800	11
18008	8
18015	13
18022	268
18029	24
18036	35
18043	41
18050	17
18057	25
18064	4
1807	105
18071	1075
18078	2903
18085	46
18092	5
18099	28
18106	17
18113	412
18120	14
18127	562
18134	61
1814	55
18141	12
18148	363
18155	15
18162	94
18169	66
18176	4552
18183	32
18190	5
18197	8
182	5
18204	9
1821	33
18211	298
18218	684
18225	84
18232	3609
18239	130
18246	166
18253	162
18260	157
18267	47
18274	7
1828	87
18281	1782
18288	13086
18295	6
18302	75
18309	332
18316	17
18323	70
18330	6
18337	3108
18344	6
1835	601
18351	76
18358	279
18365	78
18372	169
18379	1159
18386	23
18393	76
18400	85
18407	48
18414	656
1842	13
18421	27
18428	50
18435	536
18442	5
18449	133
18456	12
18463	26
18470	15
18477	69
18484	12
1849	52
18491	94
18498	702
18505	25
18512	209
18519	75
18526	69
18533	13
18540	70
18547	78
18554	13
1856	4
18561	377
18568	8
18575	34
18582	4
18589	39
18596	93
18603	134
18610	3941
18617	6
18624	65
1863	16
18631	40
18638	372
18645	28
18652	10
18659	993
18666	27
18673	413
18680	177
18687	170
18694	5
1870	313
18701	25
18708	932
18715	40
18722	241
18729	8
18736	26
18743	20
18750	16
18757	16
18764	4
1877	160
18771	6
18778	266
18785	10
18792	1274
18799	53
18806	233
18813	656
18820	41
18827	489
18834	315
1884	111
18841	169
18848	126
18855	212
18862	8
18869	35
18876	112
18883	4101
18890	25
18897	1060
189	29
18904	12
1891	2230
18911	31
18918	11925
18925	7
18932	28
18939	11
18946	7
18953	209
18960	668
18967	43
18974	86
1898	104
18981	40
18988	1782
18995	7
19002	401
19009	6
19016	48
19023	13
19030	161
19037	519
19044	75
1905	486
19051	3892
19058	11
19065	275
19072	117
19079	8
19086	961
19093	90
19100	18
19107	6
19114	14
1912	8
19121	11
19128	450
19135	253
19142	7
19149	238
19156	7170
19163	20
19170	17
19177	33
19184	38
1919	281
19191	217
19198	22
19205	14
19212	53
19219	177
19226	36
19233	39
19240	3817
19247	4
19254	216
1926	72
19261	3309
19268	502
19275	88
19282	277
19289	83
19296	452
19303	77
19310	189
19317	27
19324	45
1933	16
19331	7
19338	156
19345	125
19352	40
19359	152
19366	3568
19373	14
19380	52
19387	6
19394	86
1940	23244
19401	14
19408	110
19415	557
19422	12
19429	329
19436	1315
19443	953
19450	714
19457	441
19464	52
1947	1356
19471	6
19478	6436
19485	63
19492	93
19499	20
19506	30
19513	908
19520	80
19527	34
19534	12
1954	20
19541	23
19548	1049
19555	14
19562	377
19569	5
19576	7
19583	71
19590	10
19597	36
196	35791
19604	5037
1961	23
19611	1735
19618	8
19625	2113
19632	55
19639	211
19646	51
19653	1542
19660	56087
19667	90
19674	586
1968	22
19681	32
19688	60
19695	17
19702	423
19709	268
19716	5
19723	171
19730	445
19744	57
1975	55
19751	15
19758	21
19765	195
19772	27
19779	207
19786	41
19793	5
19800	172
19807	11
19814	48
1982	65
19821	3647
19828	2133
19835	335
19842	90
19849	569
19856	7
19863	4988
19870	28
19877	16
19884	137
1989	123
19891	6
19898	211
19905	13
19912	14
19919	40
19926	41
19933	446
19940	81
19947	51
19954	20
1996	7
19961	32
19968	158
19975	117
19982	1403
19989	16
19996	34
20003	11
20010	48
20017	716
20024	110
2003	4
20031	161
20038	4
20045	97
20052	1020
20059	50
20066	132
20073	1433
20080	14
20087	15
20094	25
2010	808
20101	64
20108	6
20115	372
20122	101
20129	45
20136	14
20143	14
20150	121
20157	28
20164	16
2017	82
20171	855
20178	2849
20185	10
20192	168
20199	163
20206	14
20213	272
20220	131
20227	16
2024	1822
20241	184
20248	137
20255	1348
20262	9
20269	646
20276	53
20283	91
20290	16
20297	276
203	31
20304	101
2031	9
20318	8
20332	123
20339	2226
20346	4
20353	93
20360	78
20367	628
20374	52
2038	782
20381	120
20388	24
20395	279
20402	20
20409	18
20416	16
20423	140
20430	99
20437	265
20444	5
2045	12
20451	4
20458	13
20465	59
20472	4
20479	845
20486	9
20493	124
20500	81
20507	19
20514	255
2052	71
20521	12
20528	280
20535	60
20542	1879
20549	5199
20556	13
20563	5
20570	21
20577	971
20584	30
20591	804
20598	112
20605	8
20612	16
20619	201
20626	13
20633	22
20640	467
20647	94
20654	225
20661	8
20668	201
20675	12
20682	3715
20689	50
20696	60
20703	410
20710	977
20717	66
20724	4
2073	438
20731	5
20738	10274
20745	9
20752	142
20766	6
20773	38
20780	4
20787	8
20794	4490
2080	8
20801	33
20808	38
20815	163
20822	142
20829	11
20836	57
20843	215
20850	198
20857	171
20864	157
2087	569
20871	109
20878	438
20885	11
20892	41
20899	6187
20906	1765
20913	71
20920	891
20927	16
20934	14
2094	526
20948	50
20955	12184
20962	14
20969	14
20976	459
20983	15
20990	27
20997	30
210	4552
21004	6
2101	222
21011	1824
21018	13
21025	200
21032	12
21039	23
21046	4
21053	2238
21060	6
21067	720
21074	16
2108	976
21081	20
21088	152
21095	328
21102	46
21109	180
21116	430
21123	14
21130	5
21137	264683
21144	647
2115	259
21158	1391
21165	94
21172	5
21179	50
21186	206
21193	15
21200	16
21207	251
21214	23
2122	5
21221	7
21228	16
21235	77
21242	217
21249	943
21256	16
21263	97
21270	8
21277	42
21284	40
2129	32
21291	398
21298	275
21305	20
21312	102
21319	5
21326	558
21333	11179
21340	9
21347	263
21354	11
2136	28
21361	362
21368	182
21375	276
21382	4
21389	24
21403	3027
21410	2252
21417	7212
21424	60
2143	20
21431	5
21438	10
21445	375
21452	121
21459	242
21466	23
21473	140
21480	34
21487	44
21494	6
2150	225
21501	770
21508	847
21515	62
21522	17
21529	33
21536	38
21543	9893
21550	10
21557	307
21564	18
2157	36
21571	131
21578	13
21585	36
21592	14
21599	19
21606	4
21613	18
21620	21
21627	64
21634	357
2164	1434
21641	693
21648	40
21655	300
21662	275
21669	36
21676	25
21683	1177
21690	14
21697	4
217	246
21704	1850
2171	21
21711	524
21718	19
21725	20
21732	14
21739	218
21746	18
21753	14
21760	155
21767	198
21774	79
2178	281
21781	881
21788	14
21795	1356
21802	520
21809	172
21816	65
21823	224
21830	194
21837	33
21844	20
2185	27
21851	55
21858	49
21865	199
21872	10388
21879	111
21886	72
21893	7
21900	58
21907	57
21914	2598
2192	372
21921	42
21928	13
21935	171
21942	6
21949	1531
21963	188
21970	179
21977	47
21984	48
2199	42
21991	330
21998	28
22005	65
22012	13
22019	15
22026	145
22033	149
22040	426
22047	7
22054	122
2206	8
22061	53
22068	17
22075	19
22082	9
22089	5354
22096	5
22103	6
22110	7
22117	91
22124	12153
2213	20
22131	28
22138	43
22145	138
22152	8
22159	1295
22166	885
22173	93
22180	208
22187	210
22194	15
2220	21
22201	5
22208	142
22215	44
22222	71
22236	402
22243	104
22250	32
22257	52
22264	5
2227	21
22271	61
22278	211
22285	276
22292	266
22299	140
22306	52
22313	179
22320	17
22327	13
22334	45
2234	670
22341	5
22348	153
22355	13
22362	4179
22369	645
22376	39
22390	91
22397	49
22404	8
2241	22
22411	9
22418	175
22425	1567
22432	238
22439	38
22446	122
22453	157
22460	18
22467	46
22474	10557
2248	7
22481	543
22488	7
22495	10
22502	11
22509	1254
22516	4
22523	48
22530	104
22537	894
22544	23
2255	31
22551	111
22558	12
22565	1351
22572	43
22579	74
22586	80
22593	173
22600	377
22607	70
22614	82
2262	113
22621	10
22628	11
22635	42
22642	24
22649	40
22656	1417
22663	98
22670	7
22677	1697
22684	149
2269	746
22691	13
22698	25
22705	19
22712	41
22719	226
22726	113
22733	77
22740	287
22754	1560
2276	8
22761	133
22768	16
22775	46
22782	918
22789	12
22796	175
22803	72
22810	8
22817	27
22824	61
2283	32
22831	1278
22838	22
22845	17
22852	57
22859	18
22866	1741
22873	70
22880	102
22887	36
22894	39
2290	19
22901	132
22908	1738
22915	2025
22922	4534
22929	402
22936	27
22943	785
22950	3382
22957	402
22964	7
2297	68
22971	266
22978	78
22985	19
22992	64
22999	323
23	1068
23006	24
23013	185
23020	1928
23034	19
2304	247
23041	9
23048	96
23055	84
23062	50
23069	117
23076	286
23083	4
23090	41
23097	7
231	13
23104	5
2311	1145
23111	6
23118	12
23125	205
23132	8
23139	924
23146	32
23153	54
23160	7
23167	5
23174	34
23181	783
23188	39
23195	90
23202	24
23209	119
23216	1118
23223	34
23230	872
23237	429
23244	104
2325	17
23251	12
23258	256
23265	2771
23272	18
23279	23
23286	103
23293	320
23300	37
23307	21
23314	74
2332	292
23321	168
23328	41
23335	5
23342	124
23349	16
23356	93
23363	913
23370	176
23377	405
23384	10
2339	587
23391	20
23398	31
23405	7952
23412	56
23419	5
23426	29
23433	78
23440	290
23447	68
23454	5
2346	19
23461	164
23468	6
23475	10
23482	8
23489	88
23496	43
23503	15
23510	5
23517	809
23524	31
2353	416
23531	116
23538	44
23545	299
23552	6
23559	4
23566	62
23573	25
23580	758
23587	10
23594	4161
2360	542
23601	891
23608	59
23615	14
23622	7548
23629	4
23636	143
23643	1119
23650	3164
23657	5
23664	16
2367	29
23671	220
23678	34
23685	575
23692	8
23699	25
23706	16
23713	67
23720	70
23727	12
23734	21540
2374	984
23748	293
23755	19
23762	58
23769	474
23776	97
23783	1568
23790	26
23797	11
238	26
23804	307
2381	5
23811	238
23818	36
23825	28
23832	97
23839	26
23846	65
23853	11
23860	6
23867	10
23874	208
2388	255
23881	698
23888	4832
23895	31
23902	60
23909	37091
23916	637
23923	43
23930	5
23937	39
23944	33
2395	93
23951	523
23958	129
23965	682
23972	6
23979	27
23986	2732
23993	9
24000	48
24007	12
24014	17
2402	9
24021	4
24028	54
24035	3045
24042	6
24049	147
24056	96
24070	82
24077	42
24084	94
2409	99
24091	14
24098	41
24105	63
24112	10
24126	79
24133	39
24140	116
24147	135
24154	144
2416	854
24161	20
24168	148
24175	100
24182	16
24196	25
24203	433
24210	120
24217	138
24224	189
2423	7
24231	5140
24238	238
24245	11
24252	18
24259	11
24266	8
24273	1178
24280	8
24287	11
24294	589
2430	69
24301	10
24308	10
24315	51
24322	51
24329	26
24336	581
24343	160
24350	8
24357	47
24364	169
2437	160
24371	11
24378	29
24385	2105
24392	101
24399	13
24406	10
24413	3483
24420	264
24427	3899
24434	134
2444	11
24441	515
24448	24
24455	10
24462	10
24469	24
24476	366
24483	17
24490	30
24497	2045
245	36
24504	168
2451	14
24511	67
24518	3587
24525	63
24532	749
24539	36
24546	7
24553	298
24560	27
24567	19
24574	56
2458	573
24588	10
24595	168
24602	17
24609	120
24616	297
24623	98
24630	182
24637	59
24644	181
2465	32
24651	30
24658	979
24665	30
24672	92
24679	15
24686	67
24693	15
24700	7
24707	510
24714	10
2472	16
24721	986
24728	9
24735	227
24742	28
24749	1391
24756	13
24763	17
24770	22
24777	142
24784	4
2479	12
24791	133
24798	52
24805	50
24812	11
24819	13
24826	679
24833	18
24840	23
24847	20
24854	213
2486	20
24861	71
24868	14
24875	4
24882	18
24889	184
24896	22
24903	290
24910	36
24917	35
24924	206
2493	339
24931	4
24938	19
24945	24
24952	2486
24959	469
24966	27
24973	1178
24980	33
24987	12
24994	36
25001	95
25008	30
25015	64
25022	11
25029	222
25036	51
25043	4927
25050	306
25057	68
25064	212
2507	5
25071	34
25078	26
25085	138
25092	39
25099	27
25106	52
25113	9
25120	21
25127	35
25134	540
2514	77
25141	26
25148	48
25155	24
25162	169
25169	182
25176	56
25183	22
25190	273
25197	5641
25204	385
2521	88
25211	472
25218	12
25225	822
25232	2159
25239	36
25246	869
25253	7
25260	12
25267	11
25274	23
2528	50
25281	52
25288	103
25295	516
25302	200
25309	405
25316	200
25323	29
25330	2639
25337	15
25344	299
2535	2130
25351	6
25358	7
25365	75
25372	16
25379	580
25386	38
25393	374
25400	65
25407	1856
25414	31
2542	77
25421	185
25428	4
25435	1457
25442	556
25449	75
25456	172
25463	14
25470	91
25477	480
25484	67
2549	38
25491	85
25498	6
25505	6
25512	14
25519	43
25526	13
25533	3981
25540	23
25547	426
25554	522
2556	474
25561	37
25568	8
25575	109
25582	67
25589	152
25596	81
25603	12
25610	972
25624	13
2563	102
25631	35
25638	313
25645	72
25652	48
25659	27255
25666	702
25673	12
25680	36
25687	34
25694	35
2570	16
25701	29
25708	35
25715	1259
25722	50
25729	50
25736	70
25743	263
25750	28
25757	132
25764	166
2577	17
25771	68
25778	16
25785	94
25792	25
25799	6
25806	400
25813	159
25820	24
25827	47
25834	48
2584	65
25841	40
25848	64
25855	5
25862	19
25869	773
25876	379
25883	25
25890	50281
25897	52
25904	305
2591	6
25918	153
25925	12
25932	24
25939	25
25946	183
25953	8
25960	10
25967	75
25974	269
25981	291
25988	65
25995	84
26002	753
26009	24
26016	14
26023	435
26030	1029
26037	15
26044	5
2605	7
26051	6
26058	14
26065	43
26072	6
26079	406
26086	5
26093	66
26100	394
26107	7
26114	53
2612	122
26121	6
26128	7477
26135	299
26142	264
26149	222
26156	5
26163	115
26170	147
26177	5216
26184	823
2619	22
26191	93
26198	36
26205	33
26212	6
26219	140
26226	103
26233	30
26240	5
26247	65
26254	328
2626	7
26261	14
26275	8
26282	3702
26289	23
26296	51
26303	4
26310	30
26317	8869
26324	4721
2633	293
26331	8
26338	131
26345	15
26352	613
26359	73
26366	95
26373	1721
26380	7
26387	11
26394	77
2640	63
26401	15
26408	4
26415	11
26422	242
26429	731
26436	247
26443	596
26450	14
26457	10
26464	49
2647	37
26471	119
26478	6
26485	35
26492	10
26499	490
26506	122
26513	130
26520	562
26527	16
26534	56
2654	5
26541	8
26548	63
26555	38
26562	64
26569	391
26576	1323
26583	162
26590	7
26597	9
266	103
26604	61746
2661	832
26611	16
26618	23
26625	11
26639	255
26646	446
26653	8
26660	324
26667	62
26674	4
2668	759
26681	8
26688	17
26695	756
26702	50
26709	3182
26716	119
26723	4056
26730	230
26737	24
26744	7
2675	364
26751	4973
26758	39
26765	347
26772	4
26779	147
26786	54
26793	13
26800	10725
26807	50
26814	15
2682	20
26821	13
26828	142
26835	65
26842	3067
26849	5
26856	5379
26863	884
26870	308
26877	32
26884	4
2689	31
26891	10
26898	261
26905	633
26912	6
26919	311
26926	48
26933	4
26940	19286
26954	19
2696	42
26961	5
26968	305
26975	11
26982	14
26989	44
26996	18
27003	71
27010	221
27017	14
27024	315
2703	42
27031	11
27038	589
27045	788
27052	189
27059	10
27066	91
27073	60
27080	220
27094	9
2710	10
27101	28
27108	20
27115	386
27122	1365
27129	32
27136	8
27143	331
27150	61
27157	26
27164	12
2717	2842
27171	2030
27178	544
27185	11
27192	17
27199	169
27206	4
27213	28
27220	26
27227	310
27234	31
2724	17
27241	4105
27248	142
27255	6
27262	57
27269	141
27276	145
27283	277
27290	8
27297	217
273	1323
27304	631
2731	199
27311	113
27318	5
27325	10603
27332	61
27339	80
27346	107
27353	275
27360	6572
27367	13
27374	300
2738	38
27381	27
27388	1001
27395	1008
27402	382
27409	6
27416	9
27423	3262
27430	17
27437	1034
27444	22
2745	1234
27451	4651
27458	268
27465	111
27472	219
27479	169
27486	140
27493	6
27500	153
27507	30
27514	1228
2752	18
27521	43067
27528	109
27535	12
27542	120
27549	22
27556	20
27563	33
27570	929
27577	82
27584	228
2759	125
27591	37
27598	80
27605	26
27612	89
27626	830
27633	6
27640	139
27647	311
27654	38
2766	8
27661	9
27668	453
27675	63
27682	7
27689	18
27696	906
27703	54
27710	285
27717	16
27724	63
2773	97
27731	71
27738	8
27745	43
27752	19
27759	608
27766	39
27773	4
27780	175
27787	27
27794	406
2780	1727
27801	5115
27808	11
27815	116
27822	12
27829	1033
27836	115
27843	136
27850	1093
27857	71
27864	739
2787	16
27871	117
27878	18
27885	2451
27892	133
27899	18
27906	6
27913	341
27920	222
27927	4
27934	4
2794	7
27941	823
27948	9
27955	6
27962	79
27969	6
27976	13
27983	7
27990	76
27997	21
280	1186
28004	329
2801	20
28011	15
28018	8
28025	23
28032	8
28039	161
28046	72
28053	30
28060	265
28067	79
28074	40
2808	13
28081	16
28088	67
28095	13
28102	20
28109	133
28116	52
28123	7144
28130	86
28137	743
28144	20
2815	88
28151	99
28158	377
28165	146
28172	90
28179	80
28186	18
28193	28
28200	25
28207	671
28214	394
2822	1276
28221	1268
28228	1050
28235	32
28242	608
28249	199
28256	82
28263	45
28270	26
28277	678
28284	130
2829	163
28305	9
28312	88
28319	55
28326	1138
28333	22
28340	85
28347	18
28354	8
2836	28
28361	109
28368	79
28375	72
28382	103
28389	32
28396	14
28403	13
28410	82
28417	6
28424	118
2843	20
28431	879
28438	370
28445	13
28452	5
28459	1043
28466	413
28473	1479
28480	147
28487	61
28494	355
2850	16
28501	10
28508	64
28515	1798
28522	434
28529	123
28536	24
28543	39
28550	400
28557	14
28564	123
2857	4
28571	3435
28578	477
28585	32
28592	12
28599	1740
28606	249
28613	1749
28620	9
28627	89
28634	2518
2864	76
28641	7
28648	12
28655	38
28662	4
28676	415
28683	32
28690	55
28697	94
287	3107
28704	143
2871	5
28711	9
28725	430
28732	162
28739	6
28746	18
28753	23
28760	122
28767	648
28774	30
2878	295
28781	379
28788	4
28795	21
28802	8
28816	89
28823	503
28830	9
28837	19
28844	38
2885	126
28851	5860
28858	33
28865	66
28872	142
28879	922
28886	51
28893	12
28900	319
28907	74
28914	490
2892	10
28921	413
28928	8370
28935	21
28942	151
28949	45
28956	118
28963	960
28970	95
28977	256
28984	50
2899	16
28991	43
28998	27
29005	65
29012	127
29019	125
29026	36
29033	57
29040	48
29047	138
29054	10
2906	78
29061	519
29068	6
29075	249
29082	316
29089	60
29096	23
29103	2108
29110	89
29117	1970
29124	543
2913	2482
29131	12
29138	276
29145	744
29152	14
29159	45
29166	260
29173	5
29180	2527
29187	7
29194	38
2920	69
29201	16
29208	12
29215	9
29222	18
29229	552
29236	54
29243	78
29250	53
29257	70
29264	102
2927	203
29271	8
29278	40
29285	1096
29292	32
29299	559
29306	20
29313	76
29320	6
29327	947
29334	3416
2934	295
29341	201
29348	24
29362	88
29369	112
29376	13
29383	11
29390	23
29397	793
294	1016
29404	58
2941	21
29411	31
29418	3443
29425	7
29432	1415
29439	3771
29446	130
29453	300
29460	1151
29467	221
29474	1088
2948	45
29481	5
29488	21
29495	12
29502	290
29509	1411
29516	249
29523	239
29530	13
29537	208
29544	1749
2955	4
29551	19
29558	207
29565	742
29572	18
29579	89
29586	307
29593	62
29600	470
29607	61
29614	26
2962	7558
29621	140
29628	2642
29635	376
29642	439
29649	54
29656	33
29663	54
29670	6
29677	11
29684	10
2969	615
29691	1299
29698	769
29705	57
29712	29
29719	171
29726	88
29733	9
29740	1748
29747	94
29754	41
2976	9
29761	98
29768	12
29775	20
29782	67
29789	18
29796	5
29803	41
29810	4
29817	87
29824	949
2983	1182
29831	41
29845	121
29852	498
29859	45
29866	20
29873	189
29880	173
29887	22
29894	1501
2990	25
29901	253
29908	233
29915	16
29922	183
29929	97
29936	8
29943	99
29950	608
29957	21
29964	113
2997	84
29971	8
29978	334
29985	9
29992	23
29999	153
30	81
30006	164
30013	174
30020	415
30027	2083
30034	148
3004	21
30041	436
30048	13
30055	35
30062	660
30069	245
30076	12
30083	6
30090	8
30097	16
301	17
30104	10
3011	31
30111	217
30118	11
30125	19
30132	125
30146	711
30153	10
30160	242
30167	42
30174	61
30188	128
30195	76
30202	38
30209	5
30216	16
30223	430
30230	318
30237	306
30244	29
3025	575
30251	56
30258	50
30265	427
30272	37
30279	106
30286	72
30293	13
30300	6
30307	1148
30314	118
3032	74
30321	26
30328	314
30335	9
30342	159
30349	14
30356	79
30363	276
30370	56
30377	5
30384	120
3039	1375
30391	80392
30398	78
30405	96
30412	119
30419	92
30426	42
30433	93
30440	2054
30447	103
30454	36
30461	1239
30468	6
30475	15
30482	1453
30489	71314
30496	41
30503	40
30510	78
30517	259
30524	87
3053	234
30531	79
30538	15
30545	88
30552	108
30559	536
30566	60
30573	267
30580	26
30587	12
30594	15
3060	574
30601	22
30608	6
30615	15
30622	137
30629	24
30636	22
30643	263
30650	11
30657	243
30664	856
3067	25
30671	39
30678	791
30685	20
30692	14
30699	86
30706	96
30713	16
30720	14120
30727	2740
30734	21
3074	69
30741	17
30748	33
30755	195
30762	15
30769	19
30776	20707
30783	30
30790	42
30797	14
308	9
30804	9
3081	949
30811	111
30818	15
30825	202
30832	9
30839	2014
30846	11
30853	23
30860	98
30867	30
30874	53
3088	16
30881	828
30888	6
30895	5
30902	76
30909	974
30916	43
30923	272
30930	6
30937	5
30944	33
3095	17
30951	10
30958	1613
30965	172
30972	40
30979	4
31000	58
31007	119
31014	7
3102	43
31021	11
31028	42
31035	234
31042	1006
31049	101
31056	37
31063	7
31070	69
31077	26
31084	4
3109	12
31091	30
31098	6
31105	39
31112	181
31119	45
31126	712
31140	228
31147	73
31154	1127
3116	40
31161	30
31168	7
31175	5
31182	61
31189	17
31196	1044
31203	8
31210	518
31217	303
31224	190
3123	17
31231	4356
31238	1544
31245	4
31252	154
31259	72
31266	72
31273	546
31280	89
31287	1076
31294	30
3130	9
31301	4
31308	12
31315	912
31322	10
31329	148
31336	45
31343	26777
31350	470
31357	30
31364	6
3137	25
31371	6527
31378	1589
31385	9
31392	512
31399	129
31406	276
31413	7
31420	171
31427	28
31434	43
3144	98
31441	118
31448	17
31455	60
31462	18
31469	1042
31476	6
31483	25
31490	60
31497	77
315	28
31504	3379
3151	460
31511	160
31518	36
31525	250
31532	30
31539	925
31546	56
31553	24130
31560	12
31567	264
31574	19
3158	9
31581	13
31588	5
31595	16
31602	90
31609	106
31616	199
31623	900
31630	251
31637	28
31644	137
3165	9
31651	9709
31658	6
31665	5
31672	187
31679	123
31686	54
31693	570
31700	96
31707	232
31714	1411
3172	874
31721	152
31728	97
31735	21
31742	14
31749	41
31763	57
31770	473
31777	95
31784	27
3179	754
31798	33
31805	6961
31812	58
31819	31
31826	142
31833	44
31840	239
31847	1763
31854	19
3186	21
31861	12
31868	54
31875	8
31882	73
31889	241
31896	6
31903	26
31910	9
31917	28
31924	9
3193	14
31931	90
31938	11
31945	790
31952	266
31959	22
31966	361
31973	633
31980	12
31987	349
31994	8
3200	13
32001	172
32008	48
32015	97
32022	45
32029	1228
32036	42
32043	822
32050	7
32057	30
32064	50
3207	254
32071	171
32078	359
32085	1380
32092	6
32099	1887
32106	397
32113	4
32120	31
32127	37
32134	3313
3214	55
32141	2690
32148	5
32155	153
32162	7
32169	20
32183	7
32190	237
32197	1716
322	317
32204	697
3221	357
32211	4700
32218	161
32225	298
32232	36
32239	1242
32246	74
32253	166
32260	12
32267	945
32274	29
3228	4
32281	488
32288	374
32295	42
32302	15
32309	69
32316	394
32323	7
32330	486
32337	24
32344	18
3235	403
32358	21
32365	154
32372	11
32379	15
32386	20
32393	29
32400	100
32407	309
32414	55
3242	25
32421	5
32428	1416
32435	152
32442	1058
32449	185
32456	27
32463	2009
32470	74
32477	142
32484	8
3249	5
32491	6
32498	188
32505	582
32512	56
32519	1004
32526	47
32533	51
32540	38
32547	23
32554	5
3256	184
32561	10
32568	88
32575	82
32582	12
32589	47
32596	36
32603	114
32610	198
32617	13
32624	2520
3263	125
32631	4
32638	1641
32645	1040
32652	2396
32659	12
32666	1103
32673	9
32680	38
32687	18
32694	25
3270	137
32701	763
32708	10
32715	20
32722	32
32729	59
32736	50
32743	567
32757	2062
3277	6
32771	485
32778	11
32785	55
32792	1370
32799	384
32806	33
32813	339
32820	419
32827	275
32834	16
3284	7
32841	66
32848	29
32855	140
32862	105
32869	1050
32876	101
32883	84
32890	59
32897	8
329	15459
32904	296
3291	23
32911	778
32918	14
32925	34
32932	56
32939	1809
32946	367
32953	237
32960	8
32967	10
32974	92
3298	10521
32981	3340
32988	183
32995	27
33002	255
33009	183
33016	542
33023	181
33030	4
33037	4199
33044	316
3305	364
33058	125
33065	6115
33072	179
33079	99
33086	105
33093	51
33100	1240
33107	50
33114	83
3312	16
33121	9
33128	18
33135	1575
33142	14
33149	6
33156	685
33163	21
33170	9
33177	19
33184	2420
3319	77
33191	5
33198	42934
33205	115
33212	101
33219	633
33226	9
33233	14
33240	316
33247	63
33254	27
3326	112
33261	133
33268	102
33282	29
33296	9
33303	4236
33310	23
33317	71
33324	90
3333	77
33331	515
33338	32
33345	23
33352	6942
33359	25
33366	21
33373	1361
33380	328
33387	393
33394	901
3340	18
33401	13450
33408	17
33415	112
33422	15
33429	37
33436	13
33443	1986
33450	11
33457	431
33464	375
3347	127
33471	446
33478	119
33485	9
33492	102
33499	100
33506	42
33513	311
33520	129
33527	4028
33534	13
3354	57
33541	172
33548	7783
33555	12
33562	16
33569	949
33576	20
33583	37
33590	1235
33597	117
336	26
33604	8
3361	10
33611	117
33618	9
33625	45
33632	464
33639	38
33646	36
33653	139
33660	32
33667	4
33674	1269
3368	8
33681	34
33695	42
33702	14
33709	1034
33716	7476
33730	80
33737	11
33744	15
3375	320
33751	103
33758	20
33765	26
33772	983
33779	28
33786	265
33793	446
33800	45
33807	27
33814	44
3382	2509
33821	4
33828	11
33835	109
33842	129
33849	23
33856	27
33863	458
33870	19
33877	9
33884	2898
3389	3644
33891	106
33898	316
33905	30
33912	29
33919	913
33926	36
33933	5
33940	17
33947	331
33954	39
3396	274
33961	29
33968	37
33975	103
33982	4
33989	200
33996	136
34003	225
34010	40
34017	6
34024	5687
3403	7
34031	76
34038	6
34045	358
34052	206
34059	4
34066	20
34073	139
34080	365
34087	8
34094	325
3410	4
34101	12
34108	255
34115	105
34122	268
34129	181
34136	62
34143	5
34150	19
34157	16
34164	178
3417	23
34171	4
34178	67
34185	213
34192	16
34199	853
34206	6
34213	1075
34220	1279
34227	158
34234	6506
3424	39
34241	4
34248	80
34255	164
34262	11945
34269	534
34276	1087
34283	1391
34290	7
34297	15
343	3180
34304	316
3431	1087
34311	128
34318	116
34325	536
34332	8
34339	981
34346	23
34353	173
34360	302
34367	12
34374	106
3438	132
34381	25
34395	34
34402	10
34409	48
34416	28
34423	2429
34430	873
34437	12
34444	37
3445	26
34451	750
34458	2817
34465	220
34472	28
34479	323
34486	5
34493	179
34500	8
34507	65
34514	49
3452	25
34521	195
34528	18
34535	24
34542	20
34549	23
34556	150
34563	153
34570	162
34577	33
34584	9922
3459	985
34591	93
34598	129
34605	932
34612	40
34619	2206
34626	6
34633	78
34640	1282
34647	6
34654	252
3466	1013
34661	6
34668	8921
34675	245
34682	53
34689	82
34696	22
34703	369
34710	17
34717	376
34724	17
3473	1127
34731	153
34738	18
34745	2781
34752	34
34759	13
34766	543
34773	17
34780	65
34787	56
34794	121
3480	1171
34801	12
34808	11
34815	22
34822	44
34829	467
34836	9
34843	8
34850	454
34857	12
34864	217
3487	168
34871	350
34878	1315
34885	7
34892	65
34899	9
34906	19
34913	207
34920	65
34927	1244
34934	300
3494	725
34941	35
34948	52
34955	520
34969	54409
34976	15
34983	16
34990	37
34997	4
350	534
35004	8200
3501	12
35011	42
35018	780
35025	38
35032	101
35039	8
35046	6
35053	558
35060	8
35067	10
35074	152
3508	5
35081	37
35088	44
35095	58
35102	640
35109	84
35116	18
35123	1797
35130	9
35137	15
35144	433
3515	167
35151	171
35158	33
35165	291
35172	72
35179	10
35186	185
35193	501
35200	158
35207	231
35214	11
3522	528
35221	46546
35228	7
35235	136
35242	999
35249	847
35256	25
35263	1368
35270	117
35277	198
35284	534
3529	1764
35291	37
35298	123
35305	124
35312	162
35319	5
35326	65
35333	1076
35340	167
35347	552
35354	4
3536	8
35361	399
35368	74
35375	54
35382	223
35389	14
35396	14
35403	456
35410	53
35417	2268
35424	600
3543	233
35431	256
35438	5
35445	52
35452	6
35459	7
35466	127
35473	1243
35480	9
35487	32
35494	246
3550	2311
35501	33
35508	27
35515	181
35522	1376
35529	87
35536	583
35543	38
35550	108
35557	8
35564	43
3557	28
35571	10
35578	266
35585	689
35592	7
35599	82
35606	20
35613	623
35620	15
35627	115
35634	19
3564	8
35641	68
35648	32
35655	221
35662	29
35669	751
35676	260
35683	16
35690	88
35697	435
357	6
35704	775
3571	7
35711	12
35718	6
35725	3123
35732	53
35739	10
35746	51
35753	5
35760	5
35767	874
35774	10
3578	134
35781	24
35788	325
35795	300
35802	32
35809	13
35816	28
35823	267
35830	341
35837	12
35844	80
3585	921
35851	3665
35858	113
35865	848
35872	23
35879	46
35886	2164
35893	90
35900	392
35907	444
35914	10148
3592	131
35921	13881
35928	42
35935	1762
35942	672
35949	29
35956	917
35963	337
35970	362
35977	174
35984	135
3599	13691
35991	54
35998	231
36005	1746
36012	300
36019	142
36026	47
36033	5
36040	5
36047	70
36054	18
3606	68
36061	12
36068	23
36075	4
36082	9382
36089	5
36096	26
36103	763
36110	31
36117	2611
36124	21
3613	112
36131	15
36138	194
36145	87
36152	29
36159	392
36166	42
36173	254
36180	3139
36187	83
36194	269
3620	9
36201	64
36208	79
36215	17
36222	28
36229	100
36236	69
36243	27
36250	60
36257	69
36264	249
3627	1425
36271	44
36278	263
36285	294
36292	15
36299	9
36306	10
36313	687
36320	49
36327	20
36334	40
3634	1880
36341	22
36348	95
36355	5
36362	234
36369	5
36376	11
36383	135
36390	250
36397	4060
364	68
36404	83
3641	15
36411	89
36418	1675
36425	1999
36432	8
36446	295
36453	7
36460	20
36467	35
36474	30
3648	119
36481	540
36488	111
36495	23
36502	8
36516	63
36523	265
36530	8
36537	680
36544	8
3655	277
36551	1024
36558	4
36565	49
36572	70
36579	22
36586	217
36593	40
36600	353
36607	85
36614	6
3662	18
36621	126
36628	29
36635	110
36642	8
36649	86
36656	12
36663	13
36670	557
36677	16
36684	53
3669	127
36691	2343
36698	615
36705	4
36712	82
36719	45
36726	693
36733	47
36740	33
36747	38
36754	7
3676	625
36761	30
36768	209
36775	301
36782	22
36789	180
36796	307
36803	4
36810	1191
36817	27
36824	13
3683	66
36831	20
36838	313
36845	8
36852	26
36859	5
36866	827
36873	30
36880	55
36894	45
3690	168
36901	206
36908	36
36915	6
36922	248
36929	8732
36936	33
36943	617
36950	171
36957	99
36964	89
3697	197
36971	9
36978	280
36985	30
36992	14
36999	82
37	769
37006	159
37013	158
37020	29
37027	86
37034	6
3704	328
37041	33
37048	5
37055	1220
37062	5
37069	115
37076	237
37083	13
37090	7
37097	66
371	7
37104	579
3711	216
37111	31
37118	24
37125	31
37132	418
37139	6
37146	43
37153	12
37160	25
37167	271
37174	43
37181	35
37188	1630
37195	14
37202	9
37209	5
37216	22
37223	47
37230	16
37237	16
37244	38
3725	24
37251	15
37258	110
37265	354
37272	4
37279	34
37286	326
37293	21
37300	14
37307	288
37314	27
3732	998
37321	9
37328	11
37335	3000
37342	24
37349	760
37356	6
37363	15
37370	9
37377	609
37384	75
3739	45
37391	43
37398	18
37405	187
37412	11
37419	49
37426	26
37433	15
37440	70
37447	53
37454	169
3746	14
37461	112
37468	319
37475	91
37482	41
37489	1346
37496	4338
37503	106
37510	70
37517	51
37524	10101
3753	27
37531	462
37538	2303
37545	137
37552	4799
37559	81
37566	22
37573	172
37580	25
37587	5
37594	1756
3760	9
37601	7
37608	36
37615	108
37622	49
37629	194
37636	6
37643	138
37650	94
37657	90
37664	1982
3767	32
37671	103
37678	23
37685	47
37692	15
37699	12
37706	11
37713	55
37720	190
37727	243
37734	175
3774	146
37741	70
37748	121
37755	14
37762	13
37769	83
37776	868
37783	105
37790	31
37797	156
378	395
37804	29
3781	6
37811	45
37818	348
37825	6948
37832	271
37839	135
37846	4
37853	36
37860	165
37867	727
37874	62
3788	33
37881	12
37888	83
37895	237
37902	6
37909	7
37916	63
37923	1770
37930	73
37937	106
37944	5
3795	5
37951	510
37958	43
37965	209
37972	15
37979	54
37986	31
37993	975
38000	299
38007	48
38014	16
3802	122
38021	26
38028	7004
38035	101
38042	32
38049	624
38056	139
38063	1360
38070	33
38077	2369
38084	5
3809	19
38091	108
38098	24
38105	13
38119	179
38126	8
38133	83
38140	87
38147	285
38154	2072
3816	17
38161	22
38168	152
38175	165
38182	903
38189	225
38196	110
38203	278
38210	9
38217	120
38224	19
3823	7
38231	2498
38238	111
38245	32
38259	323
38266	2494
38273	11066
38280	57
38287	201
38294	286
3830	13
38301	37
38308	238
38315	28
38322	1069
38329	23
38336	87
38343	147
38350	52
38357	1106
38364	14
3837	55
38371	2747
38378	13
38385	8
38392	30
38399	81
38406	154
38413	25
38420	14
38427	598
38434	85
3844	570
38448	422
38455	583
38462	4
38469	18
38476	333
38483	1055
38490	1911
38497	69
385	77
38504	1926
3851	11
38511	2707
38518	47
38525	99
38532	14
38539	686
38546	228
38553	1284
38560	76
38567	862
38574	35
3858	511
38581	29
38588	33
38595	86
38602	156
38609	1172
38616	50
38623	5
38630	14
38637	63
38644	460
3865	64
38651	96
38658	158
38665	17
38672	1468
38679	1112
38686	19
38693	4529
38700	5
38707	164
38714	840
3872	102
38721	5
38728	5
38735	33
38742	11
38749	235
38756	18
38763	202
38770	763
38777	21745
38784	177
3879	126
38798	77
38805	84
38812	64
38819	716
38826	180
38833	238
38840	311
38847	1056
38854	9
3886	211
38861	116
38868	16
38875	475
38882	18
38889	2163
38896	1049
38903	524
38910	29
38917	38
38924	76
3893	168
38938	253
38945	37
38952	19
38959	480
38966	351
38973	32
38980	4
38987	83
38994	48
3900	39
39001	2788
39008	24
39015	35
39022	95
39029	130
39036	108
39043	12
39050	13
39057	514
39064	10
3907	16
39071	568
39078	197
39085	21
39092	410
39099	1424
39106	39
39113	944
39120	6
39127	334
39134	843
3914	297
39141	176
39148	29
39155	74
39162	2515
39169	6
39176	63
39183	17
39190	10972
39197	11
392	56
39204	196
3921	122
39211	29
39218	386
39225	1131
39232	32
39239	21
39246	35
39253	33
39260	10
39267	141
39274	25
3928	137
39281	330
39288	10
39295	12
39302	15
39309	6
39316	25
39323	10
39330	86
39337	862
3935	234
39351	1531
39358	26
39365	102
39372	11
39379	20
39386	163
39393	5
39400	222
39407	188
39414	80
3942	37
39421	28
39428	2622
39435	48
39442	536
39449	4
39456	44
39463	13
39470	472
39477	899
39484	43
3949	11
39491	2968
39498	27
39505	64
39512	862
39519	768
39533	4
39540	20
39547	63
39554	247
3956	35
39561	12315
39568	6
39575	18
39582	248
39589	1027
39596	69
39603	21
39610	135
39617	19
39624	5
3963	124
39631	12
39638	5
39645	4
39652	33
39659	16
39666	6
39673	7
39680	382
39687	13
39694	66
3970	501
39701	4
39708	315
39715	78
39722	37
39729	661
39736	54
39743	55
39750	35
39757	11
39764	206
3977	892
39771	10
39778	4
39785	31
39792	136
39799	1349
39806	552
39813	62
39820	229
39827	19
39834	402
3984	13
39841	20
39848	9
39855	35
39862	181
39869	103
39876	276
39883	118
39890	691
39897	43
399	23
39904	22
3991	270
39911	2617
39918	14
39925	9
39932	6
39939	7
39946	5
39953	1011
39960	24
39967	26
39974	39
3998	53
39981	348
39988	395
40002	6129
40009	1770
40016	30
40023	47
40030	7
40044	161
4005	371
40051	16
40058	137
40065	26
40072	25
40079	148
40086	10
40093	4
40100	11
40107	8
40114	26
40121	41
40128	89
40135	10
40142	411
40149	30
40156	1175
40163	30
40170	33
40177	367
40184	6
4019	17
40191	107
40198	9788
40205	8
40212	42
40219	258
40226	60
40233	4414
40240	52
40247	27
40254	508
4026	12
40261	3104
40268	8213
40275	20
40282	5
40289	506
40296	5
40303	12
40310	20069
40317	75
4033	16
40331	94
40338	3623
40345	1560
40352	331
40359	22
40366	273
40373	132
40380	504
40387	4
40394	48
4040	7
40401	13
40408	1118
40415	377
40422	54
40429	93
40436	125
40443	123
40450	47
40457	55
40464	130
4047	455
40478	73
40485	28
40492	41
40499	21
40506	13
40513	29
40520	183
40527	8
40534	232
4054	274
40541	2446
40548	25
40555	90
40562	176
40569	7
40576	186
40583	181
40590	220
40597	78
406	57
40604	32351
4061	36
40611	9
40618	209
40625	64
40632	1601
40639	5
40646	577
40653	15
40660	782
40674	498
4068	21
40681	399
40688	1413
40695	7
40702	51
40709	14800
40716	126
40723	12834
40730	91
40737	9
4075	29
40751	119
40758	85
40765	244
40772	1490
40779	133
40786	21
40793	24
40800	37
40807	76
40814	5
4082	6
40821	994
40828	7
40835	11
40842	6
40849	508
40856	23
40863	202
40870	9
40877	486
40884	671
4089	409
40891	26
40898	1207
40905	628
40912	89
40919	285
40926	146
40933	7
40940	244
40947	31
40954	209
4096	70
40961	1207
40968	78
40975	25
40982	619
40989	93
40996	107
41003	379
41010	1009
41017	12
41024	247
4103	238
41031	7
41038	10
41045	11
41052	21
41059	7
41066	675
41073	96
41080	223
41087	18
41094	37
41101	12
41108	51
41115	24
41122	5
41129	354
41136	15
41143	6
41150	19
41157	5
41164	247
4117	79
41171	434
41178	1817
41185	10
41192	375
41199	19
41206	162
41213	3375
41220	34874
41227	4
41234	41
4124	74
41241	49
41248	425
41255	221
41262	7
41276	6461
41283	28
41290	19692
41297	131
413	7
41304	18
4131	11
41311	39
41318	7
41325	1066
41332	308
41339	290
41346	110
41353	10
41360	153
41367	170
41374	13
4138	6986
41381	139
41388	179
41395	142
41402	9
41409	30
41416	37
41423	186
41430	142
41437	1256
41444	5
4145	881
41451	44
41458	878
41465	5
41472	15
41479	26
41486	508
41500	370
41507	12
41514	211
4152	15
41521	45
41528	24
41535	31
41542	12
41549	1256
41556	1851
41563	34
41570	4587
41577	38
41584	124
4159	71
41591	929
41598	54
41605	761
41612	6
41619	21
41626	9
41633	23
41640	115
41647	14
41654	64
4166	98
41661	199
41668	19
41675	16
41682	2762
41689	60
41696	20
41703	128
41710	66
41717	51
41724	4
4173	13
41731	83
41738	41
41745	273
41752	11
41759	85
41766	19
41773	8
41780	130
41787	35413
41794	8
4180	174
41801	54
41808	1265
41815	130
41822	8
41829	18
41836	2764
41843	4
41857	10
41864	58
4187	218
41871	10
41878	4
41885	175
41892	10
41899	28
41906	14
41913	14
41920	1478
41927	15
41934	7
4194	76
41941	84
41948	84
41955	18
41969	194
41976	29
41983	755
41990	718
41997	45
420	17
42004	95
4201	24
42011	29
42018	72
42025	16
42032	275
42039	5
42046	16
42053	61
42060	8
42067	58
42074	106
4208	94
42081	46
42088	107
42095	5
42102	434
42109	22
42116	7
42123	393
42130	11
42137	254
42144	213
4215	6
42151	169
42158	50
42165	78
42172	36
42179	20
42186	9
42193	3709
42200	7
42207	33
42214	87
4222	55
42221	611
42228	56
42242	1553
42249	14
42256	9
42263	314
42270	15
42277	20
42284	61
4229	64
42291	74
42298	36
42305	164
42312	11
42319	18
42326	8
42333	1154
42340	124
42347	1506
42354	49
4236	114
42361	7
42368	233
42375	22
42382	190
42389	1672
42396	41
42403	1026
42410	8
42417	46
42424	110
4243	134
42431	995
42438	74
42445	13732
42452	47
42459	8
42466	7
42473	4
42480	15
42487	7
42494	107
4250	24
42508	3036
42515	260
42522	27
42529	112
42536	2939
42543	100
42550	30
42557	8324
42564	254
4257	11
42571	30
42578	562
42585	29124
42592	456
42599	53
42606	877
42613	1320
42620	376
42627	60
42634	37
4264	386
42641	13
42648	228
42655	60
42662	23
42669	302
42676	16
42683	8
42690	68
42697	2509
427	226
42704	17
4271	8
42711	59
42718	10
42725	21
42732	292
42739	16
42746	126
42753	22
42760	119
42774	9
4278	16
42781	762
42788	5
42795	22
42802	114
42809	77
42816	21
42823	41
42830	125
42837	249
42844	13
4285	36
42851	29
42858	767
42865	341
42872	22
42879	30
42886	80
42893	17
42900	995
42907	154
42914	55
4292	186
42921	108
42928	23
42935	39
42942	18
42949	56
42956	53
42963	8
42970	7
42977	8
42984	8
4299	4
42991	28
42998	187
43005	1197
43012	50
43019	60
43026	914
43033	38
43040	292
43047	92
43054	8
4306	1747
43061	5
43068	518
43075	5
43082	11
43089	8
43096	19
43103	73
43110	10
43117	121
43124	192
4313	1862
43131	19
43138	159
43145	8
43152	111
43159	87
43166	36
43173	9
43180	16
43187	117
43194	1562
4320	6
43201	15
43208	12
43215	35
43222	18
43229	42
43236	14
43243	17
43257	77
43264	65
4327	7
43271	90
43278	15
43285	5
43292	25
43299	6
43306	8
43313	5
43320	743
43327	11
43334	67
4334	206
43341	20
43348	65
43355	357
43362	43
43369	782
43376	660
43383	45
43390	245
43397	5
434	35
43404	26
4341	380
43411	54
43418	15
43425	18
43432	133
43439	5
43446	45
43453	151
43460	648
43467	102
43474	275
4348	103
43481	20
43488	994
43495	161
43502	38
43509	614
43516	13
43523	860
43530	1141
43537	6
43544	24
4355	31
43551	35
43558	56
43565	4453
43572	4
43579	24
43586	116
43593	29
43600	25
43607	113
43614	44
4362	113
43621	1727
43628	15
43635	631
43642	119
43649	12
43656	56
43663	190
43670	22
43677	73
43684	14
4369	28
43691	266
43698	626
43705	528
43712	4320
43719	243
43726	2298
43733	91
43740	1132
43747	8
43754	11
4376	935
43761	7
43768	23388
43775	137
43782	80
43789	26668
43796	92
43803	214
43810	28
43817	235
43824	7
43831	196
43838	29
43845	290
43852	127
43859	19
43866	18
43873	40
43880	46
43887	7
43894	249
4390	692
43901	55
43908	4472
43915	52
43922	163
43929	145
43936	109
43943	150
43950	393
43957	686
43964	4
4397	54
43971	9
43978	412
43985	96
43992	22
43999	669
44	391
44006	4
44013	28
44020	20
44027	585
44034	27
4404	5
44041	293
44048	527
44055	132
44069	62
44076	378
44083	33
44090	637
44097	1844
44104	4
4411	201
44111	54
44118	71
44125	101
44132	7
44139	65
44146	1131
44153	8
44160	25
44167	1320
44174	59
4418	94
44181	21
44188	15
44195	6
44202	156
44209	64
44216	17
44223	38
44230	91
44237	63
44244	7
4425	19
44251	9
44258	14
44265	256
44272	89
44279	10
44286	84
44293	1477
44300	50
44307	6
44314	235
4432	88
44321	8
44328	641
44342	465
44349	747
44356	26
44363	217
44370	43
44377	349
44384	233
4439	21
44391	389
44398	78
44405	40
44412	24
44419	486
44426	957
44433	59
44440	37
44447	96
44454	37
4446	199
44461	1149
44468	136
44475	3467
44482	37
44489	59
44496	21
44503	6
44510	38
44517	849
44524	135
4453	10
44531	16
44538	328
44545	302
44552	24
44559	31
44566	1899
44573	134
44580	3691
44587	21
44594	327
4460	30
44601	65
44608	10
44615	11
44622	1424
44629	624
44636	1257
44643	5537
44650	62
44657	31
44664	88
4467	18
44671	94
44678	221
44685	40
44692	115
44699	57
44706	399
44713	208
44720	74
44727	6
44734	479
4474	22
44741	276
44755	24
44762	80
44769	54
44776	127
44783	43
44790	46
44797	21
448	8
44804	7
4481	143
44811	890
44818	11
44825	604
44832	9
44839	47
44846	9
44853	497
44860	241
44867	672
44874	59
4488	5
44881	7
44888	116
44895	270
44902	55
44909	10
44916	24
44923	724
44930	66
44937	35
44944	221
4495	115
44958	9
44965	47
44972	258
44979	37
44993	22
45000	162
45007	104823
45014	691
4502	8
45028	58
45035	112
45042	139
45049	12
45056	716
45063	7118
45070	84
45077	118
45084	888
4509	5
45091	189
45098	11
45105	57
45112	21
45119	37
45126	308
45133	28
45140	5
45147	34
45154	1091
4516	521
45161	1509
45168	9
45175	7
45182	17
45189	34
45196	21
45203	38
45210	4776
45217	354
45224	786
4523	13
45231	15
45245	90
45252	46
45259	187
45266	8
45280	37
45287	14
45294	45
4530	13
45301	28
45308	4
45315	23
45322	347
45329	114
45336	25
45343	733
45350	29
45357	15
45364	4647
4537	53
45371	897
45385	11
45392	180
45399	5
45406	9
45413	383
45420	68
45427	365
45434	69
4544	1308
45441	765
45448	1550
45455	41
45462	30
45469	44
45476	17
45483	373
45490	15
45497	203
455	853
45504	9108
4551	10
45511	1043
45518	5
45525	316
45532	9
45539	22
45546	22
45553	11
45560	132
45567	5
45574	236
45581	564
45588	1448
45595	6
45602	5
45609	7
45616	729
45623	40
45630	372
45637	18
45644	12
4565	2924
45651	27
45658	17
45665	25
45672	8
45679	3410
45686	63
45693	346
45700	277
45707	112
45714	23
4572	5
45721	90
45728	10
45735	34
45742	34
45756	24
45763	7559
45770	51
45777	32
45784	96
4579	310
45791	95
45798	44
45805	22
45812	62
45819	1172
45826	10
45833	4
45840	5351
45847	6
45854	620
4586	98
45861	20
45868	11
45875	384
45882	117
45889	16
45896	459
45903	38
45910	16
45917	69
45924	474
4593	225
45931	4
45938	1352
45945	11
45959	65
45966	144
45973	10
45980	12
45987	44
45994	333
4600	2625
46001	8
46008	4
46015	70
46022	799
46029	685
46036	48
46043	27
46050	225
46057	45
46064	1939
4607	14
46071	5
46078	24
46085	71
46092	22
46099	68
46106	2180
46113	173
46120	69
46127	247
46134	331
4614	1447
46141	24
46148	93
46155	62
46162	102
46169	480
46176	123
46183	51
46190	9
46197	6
462	45
46204	187
4621	24
46211	44
46218	282
46225	133
46232	8
46239	307
46246	27
46253	257
46260	3384
46267	20
46274	260
4628	40
46281	110
46288	11
46295	45
46302	96
46309	420
46316	113
46323	193
46330	134
46337	27
46344	54
4635	1185
46351	42
46358	20
46365	7
46372	792
46386	225
46393	734
46400	85
46407	5
46414	8
4642	436
46421	18
46428	12
46435	396
46442	31
46449	85
46456	62
46463	19
46470	637
46477	8
46484	608
4649	429
46491	10
46498	21
46505	4404
46512	114
46519	5
46526	2443
46533	177
46540	83
46547	252
46554	235
4656	9989
46561	105
46568	13
46575	3146
46582	65
46596	19
46603	201
46617	23
46624	52
4663	749
46631	284
46638	524
46645	12
46652	10
46659	10
46666	1518
46673	2264
46680	441
46687	32
46694	64
4670	41
46701	18
46708	414
46715	49
46722	29
46729	126
46736	32
46743	78
46750	47
46757	142
46764	122
4677	5
46771	29
46778	339
46785	1912
46792	117
46799	512
46806	42
46813	396
46820	11455
46827	111
46834	57
4684	13
46841	255
46848	7
46855	554
46862	26
46869	11
46876	162
46883	24
46890	37
46897	43
469	96
46904	12
4691	28
46911	17
46918	130
46925	11
46932	834
46939	100
46946	323
46953	185
46960	167
46967	15
46974	22
4698	933
46981	220
46988	257
46995	28
47002	8
47009	5
47016	52
47023	326
47030	10
47037	37
47044	1133
4705	22
47051	5
47058	1794
47065	637
47072	64
47079	202
47086	398
47093	14
47100	102
47107	706
47114	2023
4712	112
47121	127
47128	7
47135	220
47142	4
47149	55
47156	5054
47163	922
47170	18
47177	246
47184	11
4719	27
47191	24
47198	87
47205	141
47212	72
47219	32
47226	2414
47233	15
47240	16
47247	40
47254	43
4726	367
47261	186
47268	42
47275	20
47282	99
47289	37
47296	67
47303	162
47310	340
47317	206
47324	225
4733	66
47331	140
47338	8
47345	458
47352	11
47359	7
47366	3093
47373	13
47380	1392
47387	106
47394	19
4740	12
47401	69
47415	186
47422	25
47429	71
47436	82
47443	33
47450	26
47457	292
47464	198
4747	8
47471	23
47478	93
47485	959
47492	6500
47499	141
47506	14
47513	56
47520	188
47527	20
47534	99
4754	10
47541	557
47548	157
47555	103
47562	22
47569	341
47576	68
47583	16
47590	233
47597	46
476	12
47604	54
4761	21
47611	2528
47618	15
47625	30
47632	40
47639	528
47646	38
47653	5
47660	552
47667	168
47674	492
4768	8
47681	234
47688	37
47695	98
47702	174
47709	69
47716	73
47723	13
47730	12
47737	196
47744	145
4775	12
47751	26
47758	126
47765	111
47772	513
47779	22
47786	55
47793	80
47800	507
47807	68
47814	27
4782	126
47821	4
47828	8
47835	37
47842	913
47849	112
47856	21
47863	59
47870	12
47877	5746
47884	602
4789	40
47891	17
47898	66
47905	45
47912	8910
47919	414
47926	474
47933	238
47940	1397
47947	31
47954	74
4796	5671
47961	158
47968	14
47975	49
47982	25
47989	28
47996	282
48003	17
48010	49
48017	2012
48024	13
4803	14
48031	349
48038	326
48045	32
48059	17
48066	420
48073	126
48080	4
48087	58
48094	5395
4810	16
48101	52
48108	143
48115	13
48122	6
48129	292
48136	98
48143	14
48150	14
48157	67
48164	304
4817	245
48171	6925
48178	51
48185	31
48192	2383
48199	854
48206	376
48213	7
48220	4707
48227	38
48234	4
4824	222
48241	569
48248	575
48255	786
48262	32
48269	155
48276	4
48283	561
48290	1379
48297	521
483	72
48304	204
4831	92
48311	13
48318	217
48325	203
48332	139
48339	432
48346	14
48353	21
48360	70
48367	66
48374	25
4838	62
48381	86
48388	35
48395	8329
48402	12
48409	296
48416	148
48423	1887
48430	14
48437	2991
48444	173
48451	56
48458	121
48465	70
48472	79
48479	8
48486	1369
48493	584
48500	12
48507	78
48514	190
4852	5
48521	33
48528	140
48535	79
48542	43
48549	171
48556	158
48563	43
48570	5
48577	1706
48584	100
4859	15
48591	209
48598	11
48605	4
48612	10
48619	23
48626	2574
48633	45
48640	275
48647	1000
48654	11
4866	83
48661	43
48668	32
48675	62
48682	1693
48689	32
48696	10
48703	47
48710	96
48717	460
48724	14
4873	83
48731	48
48738	8
48745	17257
48752	26
48759	34
48766	20
48773	15
48780	16
4880	135
48801	44
48808	1784
48815	56
48822	198
48829	4
48836	15
48843	31
48850	56
48857	7561
48864	224
4887	71
48871	3161
48878	779
48885	686
48892	44
48899	10
48906	65
48913	104
48920	7
48927	656
4894	87
48941	70
48948	38
48955	37
48962	4
48969	124
48976	56
48983	9
48990	11
48997	39
490	12
49004	51
49011	25
49018	110
49025	183
49032	607
49039	102
49046	15
49053	155
49060	877
49067	116
49074	34
49081	6
49088	9
49095	1424
49102	275
49109	4
49123	88
49130	11
49137	12
49144	1741
4915	21
49151	434
49158	555
49165	29
49172	171
49179	24
49186	33
49193	37
49200	11
49207	75
49214	9
4922	6
49221	26
49228	9
49235	76360
49242	16
49249	328
49256	4
49263	17
49270	636
49277	43
49284	850
4929	55
49291	160
49298	164
49305	148
49312	43
49319	1089
49326	1249
49333	106
49340	116
49347	72
49354	1143
4936	64
49361	10
49368	227
49375	22
49382	7
49389	8
49396	744
49403	35
49410	51
49417	309
49424	1543
4943	22
49431	11
49438	17
49445	204
49452	8
49459	39
49466	12
49473	15
49480	555
49494	16
4950	117
49501	17
49508	741
49515	34
49522	499
49529	11
49536	42
49543	562
49550	32
49557	5
49564	4
4957	20758
49571	13
49578	11
49585	3734
49592	56
49599	11
49606	50
49613	17
49620	176
49634	127
4964	12
49641	4
49648	14
49655	936
49662	26
49669	7
49676	50
49683	97315
497	4
4971	910
4978	84
4985	489
4992	36
4999	8
5	15
5006	737
5013	1472
5020	2202
5027	49
5034	17
504	4
5041	178
5048	30
5055	25
5062	15
5069	1037
5076	31
5083	153
5090	125
5097	3357
51	7
5104	13
511	5
5111	71
5118	34
5125	62
5132	905
5139	14
5146	82
5153	14
5160	280
5167	35
5174	6
518	112
5181	498
5188	39
5195	42
5202	68
5209	17
5216	51
5223	764
5230	156
5237	111
5244	196
525	18
5251	1357
5258	12321
5265	58
5272	19
5279	103
5286	14
5293	7
5300	15
5307	24
5314	546
532	17
5321	185
5328	390
5335	92
5342	52
5349	156
5356	86
5363	188
5370	167
5377	47
5384	479
539	126
5391	36
5398	12
5405	751
5412	130
5419	31
5426	404
5433	25
5440	18
5447	44
5454	60
546	2926
5461	50
5468	83
5475	1407
5482	50
5489	21
5496	985
5503	18
5510	4
5517	375
5524	43
553	13
5531	141
5538	63
5545	527
5552	926
5559	129
5566	1104
5573	9
5580	27
5587	13
5594	89
560	29
5601	9
5608	19
5615	221
5622	291
5629	17
5636	1181
5650	7
5657	77
5664	8
567	61
5671	196
5678	25
5685	19
5692	1879
5699	3285
5706	21
5713	893
5720	144
5727	886
5734	321
5741	22
5748	2358
5755	11
5762	5
5769	10521
5776	78
5783	17
5790	13
5797	37
58	69
5804	109
581	6735
5811	21
5818	16155
5825	2115
5832	23
5839	33
5846	28
5853	246
5860	104
5867	125
5874	50
588	1312
5888	21
5895	137
5902	690
5909	87
5916	71
5923	1255
5930	212
5937	10
5944	139
595	71
5951	263
5958	94
5965	238
5972	7
5979	4
5986	7
5993	133
6000	2797
6007	317
6014	26
602	24
6021	22
6028	4
6035	31
6042	30
6049	8
6056	13
6063	4
6070	41
6077	90
6084	7
609	9
6091	159
6098	207
6105	204
6112	7
6119	377
6126	115
6133	4
6140	12
6147	6
6154	73
616	126
6161	39
6168	7
6175	29
6182	4855
6189	8
6196	9
6203	55
6210	2616
6217	339
6224	629
623	27
6231	184
6238	1758
6245	519
6252	734
6259	6
6266	5
6273	10
6280	19
6287	7018
6294	16
630	484
6301	7
6308	5
6315	21
6322	93
6329	173
6336	1968
6343	3279
6350	705
6357	16
6364	112
637	82
6371	215
6378	21
6385	439
6392	6
6399	181
6406	150
6413	6
6420	104
6427	112
6434	106
644	1199
6441	80
6448	3287
6455	120
6462	183
6469	12
6476	21
6483	106
6490	12
6497	148
65	157
6504	5
651	15035
6511	9
6518	329
6525	5
6532	7329
6539	32
6546	5
6553	69
6560	5
6567	1425
6574	12
658	43
6581	135
6588	8
6595	15
6602	18
6609	117
6616	300
6623	173
6630	25
6637	45
6644	411
665	11
6651	1084
6658	65
6665	113
6672	9
6679	379
6686	897
6693	91
6700	11
6707	29
6714	70
6721	810
6728	5
6735	403
6742	109
6749	61
6756	23
6763	12
6770	81
6777	275
6784	7
679	40
6791	30
6798	42
6805	22
6812	6
6819	30
6826	73
6833	360
6840	16
6847	14
6854	35
686	13
6861	8
6868	9
6875	7
6882	9
6889	1010
6896	14
6903	24
6910	88
6917	11
6924	57
693	18
6931	54
6938	10
6945	37
6952	4
6959	10
6966	183
6973	7
6980	414
6987	722
6994	371
700	28
7001	97
7008	40
7015	12
7022	36
7029	901
7036	7
7043	431
7050	493
7057	186
7064	48
707	15
7078	9
7085	147
7092	52
7099	223
7106	12
7113	417
7120	1514
7134	293
714	774
7141	48
7148	8
7155	45
7162	8
7169	11
7176	25
7183	11
7190	44
7197	231
72	13
7204	6
721	4
7211	22
7218	26
7225	314
7232	23
7239	427
7246	21
7253	171
7260	1033
7267	95
7274	1445
728	70
7281	25
7288	11
7295	1316
7302	55
7309	27
7316	15
7323	4
7330	243
7337	117
7344	548
735	146
7351	246
7358	1683
7365	86
7372	24
7379	676
7386	30
7393	711
7400	144
7407	884
7414	761
742	1203
7421	53
7428	9
7435	12
7442	29
7449	27
7456	362
7463	19
7470	74
7477	287
7484	842
749	29
7491	20
7498	6
7505	94
7512	157
7519	71
7526	52
7533	4060
7540	7
7547	222
7554	446
756	191
7561	396
7568	40
7575	8
7582	11
7589	304
7596	16
7603	47
7610	143
7617	45
7624	125
763	150
7631	2479
7638	34
7645	291
7652	25
7659	13
7666	37
7673	4093
7680	110
7687	20
7694	241
770	6
7701	19
7708	52
7715	4378
7722	206
7729	10
7736	4938
7743	107
7750	5
7757	96
7764	11
777	274
7771	31
7778	906
7785	59
7792	6
7799	21
7806	6513
7813	65
7820	7
7827	53
7834	55
784	248
7841	10
7848	32
7855	14
7862	3960
7869	33
7876	41
7883	555
7890	43
7897	17
79	3585
7904	10
791	8
7911	1504
7918	13
7925	1453
7932	32
7939	48
7946	11
7953	340
7960	224
7967	18
7974	15
798	54
7981	27
7988	180
7995	39
8002	25
8009	4
8016	431
8023	4
8030	482
8037	18
8044	84
805	27
8051	6
8058	18
8065	11
8072	955
8079	465
8086	21
8093	8
8100	11
8107	10
8114	5
812	3842
8121	285
8128	425
8135	33
8142	10
8149	717
8156	4
8163	458
8170	8
8177	140
8184	118
819	26
8191	26
8198	42
8205	380
8212	154
8219	18
8226	186
8233	95
8247	435
8254	26
826	72
8261	194
8268	13
8275	17
8282	12
8289	9
8296	276
8303	64
8310	143
8317	15
8324	2700
833	12
8331	22
8338	17
8345	16
8352	404
8359	11
8366	728
8373	19
8380	789
8387	29
8394	95
840	12
8401	32
8408	91
8415	189
8422	10
8429	97
8436	1463
8443	49
8450	17
8457	4
8464	106
847	15
8471	59
8478	880
8485	175
8492	8
8499	67
8506	1643
8513	16
8520	64
8527	15
8534	10
854	159
8541	5
8548	86
8555	7920
8562	46
8569	228
8576	31
8583	97
8590	3566
8597	8
86	130
8604	21
861	15
8611	23
8618	10
8625	42
8632	15
8639	442
8646	9
8653	152
8660	15
8667	1481
8674	49
868	7
8681	61
8688	13
8695	506
8709	17
8716	23
8723	183
8730	764
8744	2908
875	53
8751	26
8758	2750
8765	90
8772	49
8779	20
8786	91
8793	8
8800	603
8807	89
8814	13
882	4
8821	4
8828	16
8835	434
8842	15
8849	124
8856	76
8863	31
8870	7
8877	13
8884	446
889	812
8891	59
8898	2420
8905	34
8912	2221
8919	13
8926	116
8933	25
8940	571
8947	23
8954	134
896	23
8961	19
8968	1797
8975	9
8982	109
8989	15
8996	519
9003	11
9010	46
9017	11
9024	22
903	304
9031	34
9038	1692
9045	22
9059	177
9066	13
9073	66
9080	1088
9087	8
9094	177
910	14
9101	409
9108	24
9115	10
9122	1496
9129	23
9136	18
9143	7
9150	14
9157	45
9164	44
917	44
9171	838
9178	1512
9185	51
9192	246
9199	1257
9206	56
9213	1528
9220	27
9227	221
9234	61
924	8
9248	177
9255	56
9262	127
9269	10
9276	12
9283	201
9290	2912
9297	75
93	1843
931	4
9311	10
9318	15
9325	7
9332	25
9339	12992
9346	656
9353	11
9360	1007
9367	14
9374	15
938	138
9381	23
9388	19
9395	51
9402	18
9409	1685
9416	314
9423	12
9430	1428
9437	142
9444	2333
945	1365
9451	13
9458	1306
9465	284
9472	3030
9479	49
9486	706
9493	808
9500	37
9507	3100
9514	41
952	782
9521	1464
9528	29
9535	274
9542	38
9549	38
9556	94
9563	6
9570	52
9577	14
9584	787
959	263
9591	11
9598	5508
9605	848
9612	21
9619	32
9626	212
9633	36
9640	41
9647	311
9654	22
966	38
9661	17
9668	96
9675	75
9682	6
9689	4047
9696	100
9703	1117
9710	146
9717	21
9724	21
973	5
9731	5
9738	233
9745	10
9752	99
9759	297
9766	1269
9773	79
9780	24
9787	107
9794	84
980	200
9801	8
9808	7885
9815	95
9822	97
9829	889
9836	463
9843	7
9850	215
9857	41
9864	892
987	23
9871	2432
9878	129
9885	370
9892	39
9899	45
9906	1009
9913	1540
9920	7
9927	60
9934	3735
994	566
9941	290
9948	339
9955	4365
9962	11
9969	59
9976	281
9983	18
9990	164
9997	67
